6.200534283208142733e+05
1.481649632171552867e+03
1.202652450982360606e+05
2.025910294267412391e+05
3.163555198020280272e+02
4.142604857670318335e+07
1.417050991243638694e+08
4.621210727050821297e+05
5.719966571259396151e+05
1.202549369702137710e+03
1.097031120906932047e+05
1.460194133026704658e+05
3.463927207294783557e+02
4.303052526428672671e+07
1.026397972880546451e+08
4.282512735321909422e+05
3.343424261506965267e+05
1.351287082332318050e+03
8.199697556072945008e+04
1.270789064287389629e+05
1.200421947794826423e+02
4.504265594861698151e+07
1.696778194229966104e+08
5.448154855009944877e+05
8.073101960078708362e+05
3.591253360890409112e+03
1.444981836737107078e+05
2.397074602227536379e+05
3.374980356371434453e+01
6.379788457932296395e+07
1.630420394596655071e+08
5.818864100342178717e+05
5.550700125880128471e+05
6.035784324911585827e+03
8.617783049759847927e+04
1.028883788820705959e+05
2.869322047051568347e+02
2.105690384724635631e+07
7.218556189257855713e+07
1.653618936321736837e+05
1.776157537592321460e+05
2.594208850188243105e+03
2.661493494772757913e+04
3.792862395180112071e+04
1.514042120787092642e+02
1.333930553810029291e+07
5.446194758034927398e+07
1.674098168534054130e+05
1.680863885538017494e+05
1.840696955888044386e+03
3.613854743269000028e+04
6.402429461923097551e+04
5.473588960631724731e+00
2.363371198227161542e+07
1.153242323668630570e+08
4.191553540867189295e+05
7.450419121188682038e+05
2.958871050052781356e+03
1.947957276714945328e+05
2.554927186775265436e+05
5.318250552417716790e+02
6.146164681779967993e+07
2.594496670614410043e+08
6.781769889906527242e+05
9.763875786237027496e+05
2.065997012427582376e+03
1.147300549744927412e+05
1.728751855549250322e+05
3.365414113243130032e+02
5.388760417063770443e+07
1.504583841059125364e+08
5.937646945474563399e+05
7.809838930181480246e+05
3.534343493644973023e+03
1.359421265823165886e+05
1.912316848961248179e+05
2.083065686970491726e+01
6.167108231781724840e+07
1.759641998456233442e+08
4.971912291974066757e+05
4.786784063195568742e+05
4.886751540092993309e+03
8.160761212398385396e+04
1.138739164820192091e+05
8.046570722456520741e+01
2.448304559018538147e+07
7.890819618533726037e+07
2.682205880142231472e+05
2.838600815022031893e+05
2.902385124918740075e+03
3.767284698376779124e+04
6.418811789505281195e+04
1.981325536014568556e+01
2.087259776849197596e+07
6.902705675496043265e+07
3.642923900697880308e+05
3.701641789717886131e+05
2.638941319676513558e+03
8.342980064227270486e+04
1.155805480357392807e+05
6.280707173646585773e+01
4.925228677365435660e+07
1.384048645339443386e+08
6.259967560741154011e+05
6.285439839965237770e+05
2.424055543943773500e+03
1.925191726649974880e+05
2.153729263684502512e+05
7.681269185681474028e+02
7.408854307874168456e+07
2.558611059794449508e+08
7.663686663122943137e+05
7.774418336296144407e+05
2.487637210010866966e+03
1.561072498403492500e+05
2.686070840090491110e+05
9.565148304831031965e+02
6.366437489626739174e+07
2.075202114925198257e+08
9.622480088923664298e+05
1.177605557492980734e+06
4.472938770615007343e+03
2.091689338809265464e+05
2.506304551597833633e+05
9.779412298344810779e+02
6.704848297048838437e+07
2.003822994444848895e+08
9.868892512252598535e+05
1.067515948134508450e+06
5.206396013449952989e+03
2.228798408671428042e+05
2.145382422114185756e+05
6.601064517218031824e+02
5.989883919410451502e+07
1.906111093227888048e+08
7.575964013073412934e+05
7.615963803573712939e+05
3.307401444607013673e+03
1.050662892240500369e+05
1.339464799803068163e+05
1.533164565593171460e+02
2.702110415696452186e+07
7.956268949647223949e+07
3.184180846382033778e+05
2.881569180858857580e+05
1.797322107329773871e+03
4.508334705391504394e+04
5.369408435391136300e+04
5.952288358698444881e+01
1.478929074491592683e+07
5.227179631356786191e+07
2.598419459983476554e+05
2.105021513379074458e+05
1.504122857961643149e+03
4.383035391744082153e+04
6.241345303050448274e+04
1.545099856745298723e+02
2.101313633807520568e+07
7.448708476651115716e+07
3.740228506989199086e+05
2.971161414766465896e+05
1.705957022171183553e+03
9.428657700957347697e+04
1.294417823680068832e+05
8.200592801863349450e+02
3.698633684316617996e+07
1.505338132497054040e+08
8.094589398081599502e+05
8.176511053122626618e+05
4.106862854226557829e+03
1.590279919170736684e+05
1.990728312895575073e+05
4.484462616917149376e+02
5.183406148595365882e+07
1.970923827787976861e+08
6.634072997462415369e+05
5.236243428794532665e+05
6.560794033474639036e+03
7.312317467348113132e+04
7.479694706081647018e+04
2.249709058225576825e+02
1.949134721781271324e+07
6.386386753827601671e+07
2.135789827654144028e+05
2.032321730889846222e+05
7.204411164716644635e+03
1.928771427153980039e+04
2.422365790360730898e+04
1.117950841779103030e+03
1.201558408968488500e+07
4.366753414430505782e+07
1.447517845347376133e+05
1.127886676073380950e+05
7.140296110863592730e+03
2.015247070140182404e+04
3.107319867752273058e+04
1.478656865067883700e+03
1.321890423045871593e+07
5.553669037458020449e+07
1.499640484093740233e+05
1.146232185783181776e+05
5.244830330004309872e+03
2.635691475342072226e+04
2.977283107711733464e+04
9.049838194539009351e+01
1.486894734253908135e+07
5.348291379739852995e+07
2.224023010504430276e+05
2.450248298950776225e+05
2.561931067457528570e+03
4.867034684811288753e+04
8.334266826938182930e+04
3.893591601932837989e+02
4.576400776215295494e+07
1.331257184786384255e+08
6.889443797730222577e+05
5.342484315939673688e+05
4.408961892854920734e+03
1.379077889353017963e+05
1.478053436397452606e+05
4.658191324001875842e+02
4.278934045186501741e+07
1.383680510860998631e+08
6.349744811779628508e+05
4.110830489750918932e+05
5.414751838159733779e+03
5.492014507432695973e+04
4.026617138679369236e+04
3.562387637887693614e+01
1.312866576018031128e+07
3.220081198502443358e+07
1.354129384779301763e+05
1.082713018798119010e+05
3.178493409040937877e+03
1.959131091155319882e+04
2.810862261570071496e+04
2.123028109377913779e+02
1.112336358945120499e+07
3.582322943655870855e+07
1.621848148902696557e+05
1.377242353351433412e+05
3.340292342047976490e+03
3.262124366263295815e+04
4.126636652620969835e+04
2.713172795680394955e+01
2.850706570938658714e+07
1.129634545425668955e+08
4.861659631399976206e+05
3.442727330185614992e+05
6.399370756605147108e+03
9.298596526820785948e+04
9.728334220165069564e+04
5.298953159292017290e+02
2.622444014063221961e+07
1.331050860114224702e+08
5.644208631509249099e+05
3.828588407354578376e+05
2.432828685691341434e+03
9.051970710850319301e+04
7.939871840404257819e+04
9.926517709369338718e+02
3.488435340906843543e+07
1.102047298483761400e+08
4.964498043298004195e+05
4.160059022957513807e+05
2.324147902241144493e+03
8.391971726498448697e+04
7.407350167431072623e+04
4.657756286647791057e+02
2.368940516086974367e+07
8.220146599422512949e+07
4.214954945774921216e+05
3.067528055113503360e+05
3.407120914352343334e+03
8.246029389363488008e+04
7.665996352560244850e+04
2.049899942640358290e+02
3.188327948334224150e+07
1.228276213052003682e+08
5.377920610732008936e+05
3.902805508275646716e+05
4.781940702473709280e+03
5.566528057316827471e+04
4.320669556033787376e+04
1.979346349521041937e+00
1.430957723527542502e+07
4.286885602952183038e+07
1.395975641943374649e+05
1.032793138136713096e+05
2.525976285237351476e+03
1.332299993856942820e+04
1.295392416430969024e+04
1.971737832627929876e+01
4.438921195724891499e+06
2.242841373684241995e+07
8.195576574851147598e+04
5.708695767246821197e+04
1.763319898923855590e+03
8.934455431693420906e+03
1.147034058113809442e+04
1.980417686529569892e+02
1.085974452250290476e+07
3.336165208149176091e+07
1.914769577783142740e+05
1.118104797173893166e+05
6.228311602434199813e+03
3.289984134180222463e+04
3.209433017639495665e+04
5.656500507700003766e+01
1.362398015046146140e+07
4.746228452027550340e+07
2.609793170919914264e+05
1.558692778661614575e+05
3.904929258249696431e+03
4.536233098894523573e+04
3.930804875950064888e+04
2.235276120478710027e+02
1.801186274313986674e+07
1.049785801820950210e+08
3.993730784479752183e+05
2.271177064611814276e+05
2.561178616689739101e+03
3.336322966156734765e+04
2.238000045187649084e+04
6.355895065440846281e+01
4.407482370874803513e+06
1.217275181530684046e+07
4.117635288687184220e+04
2.013900582597380708e+04
5.876389482661176089e+02
2.419078815348978878e+03
1.526738130812794452e+03
5.253823255589080077e+01
6.555534353957428830e+05
2.580752488490493502e+06
9.041750542315865459e+03
5.125830576090722388e+03
6.877270388189399455e+02
5.498376326545445636e+02
3.432664072976658076e+02
2.906797222233452089e+02
5.631916428124876693e+05
2.715198544871245045e+06
8.581497615419426438e+03
4.646859364967986949e+03
1.638858335087447585e+03
3.968700314394338875e+02
3.636629306961241923e+02
8.408993752995560271e+02
1.379442486548064509e+06
5.842150601499750279e+06
1.922910666355061039e+04
1.542317438456808668e+04
4.782822938674327816e+03
1.656005464271683422e+03
2.202067897772947163e+03
1.590738832892027858e+03
2.910995409652808681e+06
1.286930907659438811e+07
4.655985030596739671e+04
2.256619170688384111e+04
1.678951259304960331e+03
4.386518556514291959e+03
3.564091310030521981e+03
7.220504327309035375e+01
2.110075178031655960e+06
7.855946148131985217e+06
4.715850909396415227e+04
4.148722324625149486e+04
1.433005174930811563e+03
1.025672517276891631e+04
1.042156387854013519e+04
5.821826723219781369e-02
5.174403630606512539e+06
2.626227692076207325e+07
1.230555325256676151e+05
7.014983191122887365e+04
1.587284674902041615e+03
1.168289442043854797e+04
6.185505809687057990e+03
3.758324627435869036e+00
2.141626293816674035e+06
5.849081531474187039e+06
2.850759020317199611e+04
1.371122466242138762e+04
3.669445725811940520e+02
2.245347791982190756e+03
1.788996820462668438e+03
1.767207007848710543e+00
8.594771462887576781e+05
3.725815176607436035e+06
2.008851244147084799e+04
1.135572410173778371e+04
4.320738814218959760e+02
3.162465748506768250e+03
2.387571472624806574e+03
9.129999850492486954e-03
1.870813801398903830e+06
7.078717907265474088e+06
4.664945362147042033e+04
2.964875561989442940e+04
1.076867021676806417e+03
1.090117726560752817e+04
8.955542274174795239e+03
1.981516517531760075e-03
4.389343339557853527e+06
2.007821826766502485e+07
7.772349475810580770e+04
5.192160333520395943e+04
1.214906799660996285e+03
7.839562089436387396e+03
5.184114889580346244e+03
2.262490648873800136e+00
1.704193398082571337e+06
6.634292450731901452e+06
3.016875913100391699e+04
1.499613495683248948e+04
7.006406947810298789e+02
1.826175261840140365e+03
8.814084132382143935e+02
7.031074019789380714e+01
5.633889236976430984e+05
2.579408687924221624e+06
7.902007751997356536e+03
2.974884987153319798e+03
4.825944487057500396e+02
1.212669312641462085e+02
5.948741625503390651e+01
2.052237705293859733e+02
1.481624722936573962e+05
5.133780079362502438e+05
1.664138221889530087e+03
4.170567882598641063e+02
4.475632097815768589e+02
5.474561080330860863e-01
1.274618551748319639e+01
2.408437288313500062e+02
5.220626345327244053e+04
2.340639571683822433e+05
3.758243404231280920e+02
7.531914039199372723e+01
4.606488629835671986e+02
4.007195527138646440e+01
5.746046413105820960e+01
3.252257899429340000e+02
4.395152495788866509e+04
1.942911988590160618e+05
3.060462915936264494e+02
1.006137722408480641e+02
5.126858035132485156e+02
2.052375273454898519e+01
2.580920394680011398e+01
4.154785144401291177e+02
1.305715586981865199e+05
8.062796770405537682e+05
3.317503256987487930e+03
1.941667413953071218e+03
1.041630943923943732e+03
5.477553520075521192e+02
1.074087979689038093e+03
1.849519059212009324e+02
3.065326859311898239e+06
1.924576357995213568e+07
2.007715926119091455e+05
1.115645219814078155e+05
2.524400090104976698e+03
2.185596991578003144e+04
1.426837354091622183e+04
3.441415059676974364e-01
4.705758052360342816e+06
9.985546093212161213e+06
2.994334415484038618e+04
7.778860959806443134e+03
1.429733012323586536e+03
1.318657213194938826e+01
3.294292435200776481e+01
7.994990685027652262e+02
1.187683002318969375e+05
3.525417954227351001e+05
2.680812622043083593e+02
5.156116755474081437e+00
1.341983750590276259e+03
4.734224801633520201e+02
6.676796759924575326e+02
1.672846555590502476e+03
3.676239942356071697e+04
2.367594579456237843e+05
6.276920385936551838e+01
3.475008487457449746e+02
2.692829176057835866e+03
1.112242075997880647e+03
1.395383651589126202e+03
2.291576995427228667e+03
3.118884096483379471e+04
1.860086030571469455e+05
1.065622900080164470e+02
4.813078152717827720e+02
4.041715564386407550e+03
1.177708720040364369e+03
1.199801805902766773e+03
2.024063150486891573e+03
9.176819607469296898e+04
4.038448850915289950e+05
2.753962607423318332e+02
4.061398385660130117e+01
2.335206852843527940e+03
1.668944055890876541e+02
2.102209301325481761e+02
1.113609476574252767e+03
4.901060477047205786e+05
3.174260176917752717e+06
1.339767979268706586e+04
5.489523393143357680e+03
1.807633274821705299e+03
1.073745686621271943e+03
5.268637158690249862e+02
1.023180566179594138e+02
7.265118692211399321e+05
2.465983698315015063e+06
1.010135614923376852e+04
3.735039435462400888e+03
1.197464913955412158e+03
1.314277254585702792e+02
6.726383787041300799e+00
5.269737062273255788e+02
2.443649401421018993e+05
7.668319819951110985e+05
2.396008802156921320e+03
5.043164639829871021e+02
9.408942417028792988e+02
2.878725908873085615e+01
6.717994691027729459e+01
3.533789542742587741e+02
3.376892741336135805e+04
1.648698056281847821e+05
3.358255829464180806e+02
5.096443520875182287e+01
2.479109264135335025e+02
8.111200463803461602e+00
2.172271813253061623e+01
1.027093399719968119e+02
1.959381550748873997e+04
1.194076982547193038e+05
4.166613952910386161e+02
1.364784205276002353e+02
1.862155402630485241e+02
7.357084449447466312e-01
2.901935963173564836e+00
1.008192814877393175e+02
5.868297539988632343e+04
3.309891350560698193e+05
1.506849203591079686e+03
5.567845343226400701e+02
6.517616679771906547e+02
6.232169393882462938e-01
1.344091847273128160e+01
2.093651646116502150e+02
7.917242974353146565e+04
3.272912569045444834e+05
8.681833897218940592e+02
1.735034358529508438e+02
2.805596777025290294e+02
2.806654212758560085e+00
2.027240334914053932e+01
1.648316538925158454e+02
3.484086876696241234e+04
1.921316775286712509e+05
5.895712765587529702e+02
7.819446316028690092e+01
3.388262723024310503e+02
1.361156330889839694e+01
4.669011731120988173e+01
1.908865659659966241e+02
3.400203827377616835e+04
1.495665971526594076e+05
1.537340357077839030e+02
6.823666128841431311e-01
2.545404862695468466e+02
5.919576458231683347e+01
8.938509393318538798e+01
1.583336240733951570e+02
3.075231630583947663e+03
1.598143365968192848e+04
6.263656773915324827e+00
4.253614051778591687e+01
2.343150885914072035e+02
1.149463189895354560e+02
1.476524454162055520e+02
2.246203524786349703e+02
1.949110874831757201e+03
1.312224684843184150e+04
3.174951595783693392e+01
8.933562675755703708e+01
3.509295686409875543e+02
2.068591758694950329e+02
2.506268543683916050e+02
3.392284017971040839e+02
1.926353062718385445e+03
1.421715888477889530e+04
6.350248528888982946e+01
1.560632281316621572e+02
4.847556360146605812e+02
3.045372090728662329e+02
3.493537182972906976e+02
4.469309816791302410e+02
2.105105147387226225e+03
1.536652937782384652e+04
6.122649067302245385e+01
1.344567136987954541e+02
4.415718011584432929e+02
2.677172197515477592e+02
2.970778561697205191e+02
3.577363135861322689e+02
2.336193115409869733e+03
1.823141678719666015e+04
6.234553056300609519e+00
3.252315450102432948e+01
2.778383490941939726e+02
3.906707978147431959e+01
4.796378850259542048e+01
1.499429233049108632e+02
2.215812928264757284e+04
6.111503782997148664e+04
5.521031959294252722e+00
5.295833867101874404e+01
3.875551545348305353e+02
2.519683274723315947e+02
3.315671724535576459e+02
4.851320807735714880e+02
2.301021013903758558e+03
1.917308959536183102e+04
1.614395850921881674e+02
3.608532483323975271e+02
9.363788840091978045e+02
6.525642752107996785e+02
8.584878008046947571e+02
1.252302826106857310e+03
4.186326064864751970e+03
4.017428668652434135e+04
5.989216185382850881e+02
1.632660847988718160e+03
4.424010720761517405e+03
3.004233979972132147e+03
3.875153108439302287e+03
5.506219613789202413e+03
1.165037216099183206e+04
1.237311608711288573e+05
2.806969171023439685e+03
5.976397871871432471e+03
1.139112201950676535e+04
6.225335770035888345e+03
5.446177167535463923e+03
5.820941554607799844e+03
1.028868332515456314e+04
9.715788979898352409e+04
1.714833047423034259e+03
2.852113465309180810e+03
5.319898792380994564e+03
2.777495382259825419e+03
2.410628610683541410e+03
1.840468713935060805e+03
3.747803291749578420e+03
2.516917119480912515e+04
1.425004866170959588e+02
2.626842557320664469e+02
6.351462441802470948e+02
2.617922450784438979e+02
2.393555947093087752e+02
3.905565329651111597e+02
4.460673356285665795e+04
3.070526403715764172e+05
2.929710767935377476e+02
3.097824279294743022e+01
4.234103649829719984e+02
3.115015345343294939e+02
4.752259090462437143e+02
7.449681104433334440e+02
2.960422071401282210e+03
3.402558496533575089e+04
5.968990758787134610e+02
1.383969476372069721e+03
3.374154160882146698e+03
2.879102131024805203e+03
4.339359665699015750e+03
7.173348590967298151e+03
2.071528705715466276e+04
2.168966131942890934e+05
3.678369048705620116e+03
7.538189162300395765e+03
1.788578989609521886e+04
1.820539937244350949e+04
4.354858255836768512e+04
2.531818085188975674e+05
1.465961530677886622e+05
9.314023282764508622e+05
1.947477896213148779e+04
4.488349387102235050e+04
7.982433869670602144e+04
2.938152243638618966e+05
1.779803514624426607e+05
2.208226814102481003e+05
1.592994151504035981e+05
8.485082916785442503e+05
8.980448707811014174e+03
1.071456516070092584e+04
1.387081525814211273e+04
1.085293136407681413e+04
1.081296932509663020e+04
1.110460247182541752e+04
1.544843795441287693e+04
1.042357336052220344e+05
1.031894526852669742e+03
1.348495638290437228e+03
2.164471360160424865e+03
1.071255300218195543e+03
8.727727622721971557e+02
6.878191851886973609e+02
3.244009096141735426e+03
4.443851313418895006e+04
4.882219400817534449e+01
3.669094520022405659e-01
4.294192975892526647e+02
1.213903630618877116e+02
2.517085602480871671e+02
4.400844056726796794e+02
2.392269058079462866e+03
2.303192210514326871e+04
2.154702056991326913e+02
6.441360739630908938e+02
1.822467082422420162e+03
1.475844537616388379e+03
2.193592286593582685e+03
3.337346703448034077e+03
7.611330756557006680e+03
8.365435843588666467e+04
1.382596989262226771e+03
2.771587633882626051e+03
5.678436199813245366e+03
4.455706435003237857e+03
5.132412920800485153e+03
6.443066822017400227e+03
1.226961291904285645e+04
1.228285173263617908e+05
2.026562571225792908e+03
4.162038862809034072e+03
8.172010371898154517e+03
5.505566516846316517e+03
5.333322024967853395e+03
5.481301010467851484e+03
8.201556180919718827e+03
7.661190211043535965e+04
1.057435549336089025e+03
1.988027149492910439e+03
3.702419466551772985e+03
2.089981164175610502e+03
2.119949074242293591e+03
2.100726603803414946e+03
3.907490170404461423e+03
3.767410100131974468e+04
3.337090470598799925e+02
6.891461961497196853e+02
1.325092847673843835e+03
6.970391060988287109e+02
6.745101730378869433e+02
6.986478051855173135e+02
2.558529412064422104e+03
2.247873136097043607e+04
2.231339426583699748e+01
9.136976769141067223e+01
4.686728096529103595e+02
1.631106822375137710e+02
2.280064667028175052e+02
2.967346425352900496e+02
5.060653184434477225e+03
2.745462471494980855e+04
1.141327306758673288e+01
1.304727058734175102e+02
4.889929958245931516e+02
2.960999951933782199e+02
3.689235214171887947e+02
4.660775099752073061e+02
2.022884282258535450e+03
1.808690075791776326e+04
7.191088843259227303e+01
2.323111800115450478e+02
6.085234803323810411e+02
3.490598985845006155e+02
4.171344674861285284e+02
4.955181621973242159e+02
1.815157322008290748e+03
1.610057319535147872e+04
6.074427327025837542e+01
1.857064144127041345e+02
4.754505222530101491e+02
2.651395389355690213e+02
3.098554113265636261e+02
3.493360340847934822e+02
1.622736478649095716e+03
1.413326803342590938e+04
3.071143061240474381e+01
1.269598798323632565e+02
3.621482272923077517e+02
1.870593605777281994e+02
2.184494158154944898e+02
2.404321126841616945e+02
1.682634182509040784e+03
1.412768753556959564e+04
6.037179972956926655e+00
6.425921166547909991e+01
2.487273798507247022e+02
1.046496873202600710e+02
1.304773610155534982e+02
1.609376406878304522e+02
3.467745479043302112e+03
2.970386571569482840e+04
4.180505174956365977e+01
6.665488231564854482e-01
3.273883349949592230e+02
5.363271747836361669e+01
1.283642010279913563e+02
1.985047955620533173e+02
1.708928373178284528e+04
1.278715273461488396e+05
4.526242996382342767e+02
1.781200542595429681e+01
3.833468307487099196e+02
3.428343138372032683e+01
8.575204694265957528e+01
1.915970210937671254e+02
1.788410847867360280e+04
1.180001999273034162e+05
3.853671704802260933e+02
5.581505240029975390e+00
3.631421830597907956e+02
2.456018989773975036e+01
8.987274036626531881e+01
1.744583855169643130e+02
2.380305027367043658e+04
1.463399015010457078e+05
6.449257264184485621e+02
7.906482028297162401e+01
5.068085629114482344e+02
6.094697782239051342e+00
5.656082915571438718e+01
1.482203821179183194e+02
4.619688447667817672e+04
2.574399542371798598e+05
1.137315608142939254e+03
1.794579227368737975e+02
2.200558369221945441e+02
6.025683894346148151e+00
6.697396495189391175e+00
5.076648425386118646e+01
3.664942968098590063e+04
2.216196554208310263e+05
1.382370494766395495e+03
2.423948360944895910e+02
3.110798296751534622e+02
2.085995922770463196e+01
8.024996445572549320e+00
1.019461251904371295e+02
1.586999757419867965e+05
1.120315453735560179e+06
1.311039449128264641e+04
4.084194180848955057e+03
1.820889656133932476e+03
1.116691205239278361e+03
2.716007752724062243e+02
7.821341172142814102e+00
6.238580471678972244e+05
2.813370097049136646e+06
2.529477316166563105e+04
4.648312760756569332e+03
7.902790766111933181e+02
1.125009339004504682e+03
1.013254000429805473e+02
7.533591620107083031e+01
6.041106266056437744e+05
3.238700268605101388e+06
1.088378457142888146e+04
7.978800595186417013e+02
2.427912181123425398e+03
8.421829866128054221e+01
5.479088673512588912e+02
1.166290503534436994e+03
9.331370853199128760e+04
6.387191427647651872e+05
9.956188012136614134e+02
3.524091738394883322e+01
2.463254848974630931e+03
7.110123608306122378e+02
1.336565861270116784e+03
1.521531267901571255e+03
3.480810689889843343e+04
2.479376055298980791e+05
1.191366449832577104e+02
3.107108157055769766e+02
2.141811847534253957e+03
8.945656048280411596e+02
1.408517773275168111e+03
1.896490738399222437e+03
2.587219461415171099e+04
2.656918613297855482e+05
1.563566686681614897e+02
1.155320858243275524e+02
1.793449537954763400e+03
4.555275114823199942e+02
5.222399768632838004e+02
6.755458234973777962e+02
4.729219472609309014e+04
4.122543917912233155e+05
2.133778730067203924e+03
1.968544350551319724e+02
1.053139301001874628e+03
3.828441639914000660e+01
9.913880818766070746e+00
8.462295390836030151e+01
6.535351619877200574e+05
5.540300921274643391e+06
7.711586632129532518e+04
2.821756881228356360e+04
2.457825796805616392e+03
1.188849823100276444e+04
2.860063244015857435e+03
6.627886984048303702e+02
2.481696936837552581e+06
1.059561350401370786e+07
6.719533471929535153e+04
8.619694340754294899e+03
1.353852852215973144e+03
6.113931473770310276e+02
1.411044100049114514e+00
2.405065889765888016e+02
1.907455253761352214e+05
8.229318140574810095e+05
4.478476312147323370e+03
2.012792118396863259e+02
7.816651323531147000e+02
1.696135383351867532e+01
1.581042344242185322e+02
2.405619870616792184e+02
3.354100037994679587e+04
1.862317700779429288e+05
7.859975503811803037e+02
2.192683178872379557e+01
4.419054170638897290e+02
2.585889126967041562e+01
1.154859401252435163e+02
1.799256592726599706e+02
2.481565190325057847e+04
1.757836504639307968e+05
8.425537716272017406e+02
8.230028053442705982e+01
3.842170448692677382e+02
1.617242978853358770e-01
3.499831511696829978e+01
9.379877306592081254e+01
6.740173539334557427e+04
5.267732143535340438e+05
5.155688296701382569e+03
1.061622842268311388e+03
5.758040282177191784e+02
3.262806738448077226e+02
3.482228759699668075e+01
2.614455395874065946e+00
4.098711522678306792e+05
3.258402011617010925e+06
5.134514807657467463e+04
1.135922718774683381e+04
9.065468621413924666e+02
3.715144158224115472e+03
7.580893427102657824e+02
2.376496232526879169e+02
9.776225261761505390e+05
6.790444444338184781e+06
6.843429241638058738e+04
1.869242548260180411e+04
8.727414541419326497e+02
4.563770044400016559e+03
1.393256394251794973e+03
3.599112412679367026e+02
1.759751105286008446e+06
1.472004811274490692e+07
1.901911219749644515e+05
3.743835909542671288e+04
1.757460694215553303e+03
9.092383268767636764e+03
2.338775704308301101e+03
6.710383974736278105e+02
2.783913279289762024e+06
1.528778937242139503e+07
1.672734989514522895e+05
3.891258190359360742e+04
1.537835225137528141e+03
6.244002351206740968e+03
1.042970323106060505e+03
3.144253253886725474e+02
9.888126896891627694e+05
5.216803612297238782e+06
5.189330132022498583e+04
1.264617459388683710e+04
6.812606521575841043e+02
3.433877165313436763e+03
7.315893429723473673e+02
2.339823066831556275e+02
1.045304797889868729e+06
6.838586186133412644e+06
7.695306764366863354e+04
1.878257388915456613e+04
1.193990045092893524e+03
6.763979454375840760e+03
1.677829890653512621e+03
8.071451180273459158e+02
3.184203781287296675e+06
2.350513152666588500e+07
2.866879265699819662e+05
6.591069514598377282e+04
3.172778336604888409e+03
4.066662628884973674e+04
8.775527838552028697e+03
4.155918636999367664e+03
8.578237057312386110e+06
5.027527571819262952e+07
5.616310522481851513e+05
1.042262025513437839e+05
4.162485606623312378e+03
2.012752444703622314e+04
2.814064330825359775e+03
8.114596887585173590e+02
2.985577683208804112e+06
1.843612642619842663e+07
2.232020327021050034e+05
2.953967170579724188e+04
3.491648651234094814e+03
4.481918057902247710e+03
2.482803104519801423e+02
6.904532443997537960e+00
1.045929925135363010e+06
6.584313149202035740e+06
5.832510979769475671e+04
8.942501747549342326e+03
2.868027673906222844e+03
1.315060792146705808e+03
2.765739470330095706e+00
1.795623155452930177e+02
1.440242887370777782e+06
7.147369316200061701e+06
4.902829535454673169e+04
8.821905405932071517e+03
4.452007251824769810e+03
1.536017713712791192e+03
4.077277974160520846e-01
1.165713275520722334e+02
1.280091979308618233e+06
1.364955344571080618e+07
1.380075247507704480e+05
2.001978660082946590e+04
3.682984922723543605e+03
7.437909911115330033e+03
1.205730780723379212e+03
3.241968158543699019e+02
3.069199633329637349e+06
2.919015622630230337e+07
5.786545094883062411e+05
1.223173669368433766e+05
5.493598734096496628e+03
4.175826155097546871e+04
9.088789171442507723e+03
3.264233786347303521e+03
7.280560233042906970e+06
5.426444866525252908e+07
5.572902119770670542e+05
6.542156118550083920e+04
2.216217494182536939e+03
1.460667995987929135e+04
2.787780303935221127e+03
1.385769647009205300e+03
3.140355274932886939e+06
1.921210660161305219e+07
2.451278831176997337e+05
5.263679532091577857e+04
4.042249158128183353e+03
2.093026640615053475e+04
2.590261164771985477e+03
7.373225114328198515e+02
4.373022504813667387e+06
3.373041080577174574e+07
4.050238554625656107e+05
6.150246038138066069e+04
8.492355649637296665e+03
3.222990342440463064e+04
4.238524205814434026e+03
2.078969523178823238e+03
9.158979066225619987e+06
5.938786260783597827e+07
7.273573978607762838e+05
1.143597725588885223e+05
5.350104261130016312e+03
3.116424316531533987e+04
4.478253674266401504e+03
3.069760036012008186e+03
6.990664933197781444e+06
5.148681502148994058e+07
9.684382043011653004e+05
1.602685422684933292e+05
5.464840460344911662e+03
6.594139414283509541e+04
1.935775462974662878e+04
1.135849463924708289e+04
1.537509133956421539e+07
1.211576066388352513e+08
2.147436009817784186e+06
3.940982881581785623e+05
9.909379677881308453e+03
1.640340956838315469e+05
2.661069522812431023e+04
2.200241138817028332e+04
2.734135058276002854e+07
1.774642911975802183e+08
2.550430795374498703e+06
4.721993294433988049e+05
1.375821245728141730e+04
1.358834108458915434e+05
3.251094740178775464e+04
2.230911272824130356e+04
1.838167221818885207e+07
1.264108633436070383e+08
1.796146108896937221e+06
3.254569843091486837e+05
8.958524093788490063e+03
6.744929681946041819e+04
1.173265160720198946e+04
6.403455710096154689e+03
9.148798879997009411e+06
4.124950906616776437e+07
4.819057408200657810e+05
6.492791186848775396e+04
2.129908627632666594e+03
1.588749047947816871e+04
2.246999520638363265e+03
1.288963251418601658e+03
2.073838209865475539e+06
1.479814097118727304e+07
1.777695856560186949e+05
2.507923058314684749e+04
1.270421009175863219e+03
6.160077701523599899e+03
6.066074480544871221e+02
3.850404672635381189e+02
1.086718939876257908e+06
8.077550819517414086e+06
1.093978964649501577e+05
1.660947441887816603e+04
1.342289881583730221e+03
5.501714664626357262e+03
7.860415594276336151e+02
7.455213915938510354e+02
1.612844989765789360e+06
1.465898112807189301e+07
2.244915401176256710e+05
3.721022309852096805e+04
2.022019109252567432e+03
1.448169306260010308e+04
3.043367631556875494e+03
3.758761601147486545e+03
5.732580290592062287e+06
4.964296052409749478e+07
5.662664250567720737e+05
1.128494500915922254e+05
3.845798359485534547e+03
4.351840230576398608e+04
9.500562078878270768e+03
7.724775392468463906e+03
8.799320808948876336e+06
7.871365710109849274e+07
1.215501494405684294e+06
2.454974006569733901e+05
5.762720319511833623e+03
5.171178970256421599e+04
7.794699172479352455e+03
5.198179679357976056e+03
5.717076166990197264e+06
3.280662000775391981e+07
3.337296883911687764e+05
4.685282675479342288e+04
2.096538620340048055e+03
1.048472382057960385e+04
9.108975128236273804e+02
7.336080400161806665e+02
1.527856541551637230e+06
1.095406785340104252e+07
1.542740355960251763e+05
2.167797244133236745e+04
2.286673407221511297e+03
9.132157842466351212e+03
9.029815369387263218e+02
1.013470380500376564e+03
2.950245352855572943e+06
2.075397246747385710e+07
3.055809317391147488e+05
4.625469555669184047e+04
3.506671053163579927e+03
1.889116832255330155e+04
1.858494397283660192e+03
2.280969137558138755e+03
4.974069550933622755e+06
4.662402628434505314e+07
6.284528029034479987e+05
1.089174042296914413e+05
6.741155800479527898e+03
5.564156957756885822e+04
8.361415517654811993e+03
1.125163354402361438e+04
1.880823444455301389e+07
1.200849585439515114e+08
1.908694006859472487e+06
4.935267504287636257e+05
1.319536272311426728e+04
1.538693115447523887e+05
1.900914912255035961e+04
2.282365121235703191e+04
1.827405381767894328e+07
1.577300760065438747e+08
2.091779830084780930e+06
2.949048105279064039e+05
9.161482878734921542e+03
9.455597283943447110e+04
1.297797879260852278e+04
1.403158732564078309e+04
1.275035409819039516e+07
1.014795548885129839e+08
1.133209192243302939e+06
1.763833570336594130e+05
4.940977246590347931e+03
6.727043369192929822e+04
7.998101657412691566e+03
9.955513669832249434e+03
8.971838576702855527e+06
6.509537117490911484e+07
1.276081307074952638e+06
2.030484498569983989e+05
7.460002075289961795e+03
9.161134164857209544e+04
1.409725841790951927e+04
2.199263482967169330e+04
2.124861107775431499e+07
1.292666337936847806e+08
1.872493777355855098e+06
4.433595776389873936e+05
8.939233082352182464e+03
1.155916783301598334e+05
1.631261188573532672e+04
2.214020822871478958e+04
1.791603258012678847e+07
1.269768984809892923e+08
2.210071181148612406e+06
3.669958812955290778e+05
9.508396453445380757e+03
1.304225536924493354e+05
2.304647351446238827e+04
2.687862110378846410e+04
2.755385999766334146e+07
2.135039044672951698e+08
2.716172343227980658e+06
4.142784396760631353e+05
1.363535666676459005e+04
2.388825108203214186e+05
3.533737978498576558e+04
4.879138822202891606e+04
2.962329416422858462e+07
2.533593363222043216e+08
5.448142259261022322e+06
5.751669682346078334e+05
1.660583575624637160e+04
2.376417126014093810e+05
3.018248903342361882e+04
3.896344261911155627e+04
2.423760763268633932e+07
2.015441802219839096e+08
3.164203976018426009e+06
