5.437779367025150634e-01
5.410894360249308699e-01
4.191592113319763113e-01
1.810463415200036508e-01
2.635231383473644190e-02
7.071067811865469621e-02
2.497220677295282354e-01
5.109903238918630519e-01
6.434499030831986044e-01
6.146362971528591679e-01
4.558264777059113926e-01
1.798919428743576687e-01
4.859126579037747334e-02
9.501461875826154591e-02
4.772607021092116764e-01
9.860837241893364302e-01
1.279159880546602901e+00
1.223383286900171285e+00
6.691619966628243876e-01
1.732050807568877582e-01
1.333333333333333315e-01
1.249444320932754149e+00
4.811690047281839355e+00
5.988321968631946213e+00
5.695283136069706487e+00
5.059644256269406171e+00
4.506245665739939454e+00
4.295427155062047753e+00
4.453541038070468083e+00
4.532597979574677360e+00
4.970314655811820082e+00
5.518718148265953083e+00
5.740015485848253718e+00
4.196758008007821061e+00
8.236099400403890103e-01
3.333333333333327042e-02
9.368979548370128807e-01
2.397799917516981960e+00
3.327828788330980725e+00
3.393621467793169977e+00
2.516169928902082464e+00
1.201388086062673333e+00
2.821051813301792555e-01
6.346477588219923138e-02
5.426273532033235591e-01
1.329421344461984456e+00
2.207720040625118951e+00
2.416178111536205542e+00
1.712048805119500861e+00
8.608781046763305245e-01
1.054092553389459896e-01
2.198484326378819520e-01
9.545214042184234637e-01
2.397133705073623666e+00
3.512695229845278710e+00
3.877875277347979210e+00
2.471644751532423800e+00
9.486832980505137680e-01
5.773502691896263000e-02
1.685930339934337496e+00
4.632973607138771044e+00
2.455068453447093901e+00
1.383032095714983090e+00
2.108185106778912299e-01
7.905694150420948529e-02
5.270462766947223154e-02
1.000000000000000000e+00
7.905694150420948529e-02
3.689323936863100895e-01
4.171663670261276380e-01
2.752271788904575800e+00
4.555293014114947248e+00
4.712925489191046147e+00
1.513825177048745974e-01
7.231297716638878104e-01
3.438911326439097138e+00
5.973506321899874294e+00
6.223700221286726730e+00
6.135914312019393968e+00
3.805569748554229914e+00
1.042433051407459121e+00
8.579691784155832335e-02
3.382963855030738931e-01
2.157416150037920310e+00
3.762460778680770446e+00
4.699896570965980125e+00
4.026250668356906814e+00
2.186861017785791894e+00
4.203173404306164151e-01
5.400617248673211801e-02
1.296630247988993734e+00
3.537104905301948765e+00
6.180940687126658339e+00
6.651566231597887402e+00
5.832190364215183997e+00
3.024735984805579037e+00
4.216370213557838476e-01
1.276333725080465609e+00
6.665510316380716560e+00
6.655532368722362868e+00
5.259911279353165270e+00
4.424128916144583812e+00
3.109573032498905487e+00
2.819697580316804064e+00
2.266298989787336904e+00
1.607491143918925447e+00
2.240039682188191161e+00
3.242941051987633383e+00
4.892965472094719992e+00
6.600336691748719176e+00
6.765198937700698245e+00
1.360606482418777574e+00
1.810463415200034565e-01
2.872208789996530065e+00
6.334352988094187786e+00
6.672258071880746044e+00
6.645643936695173615e+00
5.608438582469574385e+00
2.627234498690801612e+00
4.737556801183964716e-01
4.082482904638633919e-02
1.201156849781816582e+00
3.052253266031506929e+00
4.486352762669373107e+00
4.195119518890703780e+00
2.820288598313615225e+00
1.352415534433769384e+00
5.270462766947294625e-02
3.181980515339463689e-01
1.353647336314415028e+00
3.327014844838804386e+00
4.244735301261760796e+00
4.679164811516402622e+00
3.877445464907705031e+00
1.217237309100680731e+00
3.728642886866182504e-01
3.419064199455751574e+00
6.526952666529082236e+00
7.096409499019752154e+00
7.463243262818116008e+00
7.121261202280891212e+00
6.767251616752878007e+00
5.916220640465216007e+00
5.798227698568282129e+00
5.509839683088185502e+00
6.728969295351091340e+00
6.616015920980439446e+00
6.407417576528002812e+00
5.958012811891784999e+00
2.663774473269921117e+00
2.563092749871616616e-01
3.785938897200182285e-01
2.549645944919498586e+00
3.347490768388233118e+00
3.538223816800990740e+00
3.499682525283940304e+00
1.764345960027869697e+00
4.648775226993784870e-01
6.346477588219917587e-02
2.571208103423585078e-01
1.017690741062550863e+00
1.313233921787483105e+00
1.450287327853806651e+00
1.212206436397878617e+00
5.623610939600997005e-01
1.034139470499237795e-01
3.333333333333333287e-02
3.615168660580642679e-01
9.300537618869134660e-01
1.361830875451622846e+00
1.607275126832159229e+00
1.016051726592259286e+00
5.060742150229659009e-01
4.859126579037754273e-02
3.972125095937660832e-01
2.313156813630334430e+00
4.888663189234637052e+00
5.872629545423222908e+00
5.969750134357941107e+00
6.014288542019468053e+00
6.064846338623188338e+00
6.023899161764835419e+00
5.940258131316067391e+00
5.960529898143843930e+00
5.388013961047654732e+00
3.644268711887810319e+00
1.364683520495177271e+00
3.838764268760340159e-01
1.779513042005219092e-01
1.563471919941143429e-01
1.054092553389460035e-01
3.668560117175856394e-01
5.040116841679147530e-01
3.407508050043478454e-01
1.602948671805945746e-01
5.400617248673221515e-02
2.635231383473653904e-02
3.535533905932743831e-02
6.346477588219920363e-02
9.718253158075500220e-02
