2.865573770491803174e+00
2.508196721311475308e+00
2.511475409836065431e+00
2.937704918032786772e+00
2.757377049180327777e+00
2.960655737704918078e+00
3.104918032786885274e+00
3.068852459016393475e+00
3.203278688524590301e+00
3.314754098360655821e+00
3.691803278688524426e+00
3.445901639344262080e+00
3.616393442622950705e+00
4.229508196721311286e+00
3.672131147540983687e+00
3.796721311475409699e+00
4.180327868852459439e+00
4.865573770491803174e+00
4.754098360655738098e+00
4.839344262295082189e+00
4.862295081967213051e+00
4.918032786885246033e+00
4.740983606557376717e+00
4.816393442622950438e+00
5.150819672131147442e+00
5.416393442622950971e+00
5.577049180327868783e+00
5.511475409836065431e+00
6.075409836065573721e+00
5.619672131147541272e+00
5.390163934426229098e+00
5.475409836065574076e+00
5.777049180327868960e+00
6.645901639344262257e+00
6.603278688524589768e+00
6.114754098360656087e+00
6.190163934426229808e+00
6.019672131147540739e+00
6.275409836065573899e+00
6.272131147540983775e+00
6.000000000000000000e+00
6.101639344262294706e+00
5.701639344262295239e+00
5.983606557377049384e+00
5.511475409836065431e+00
5.757377049180328221e+00
6.554098360655737920e+00
6.022950819672130862e+00
5.331147540983606881e+00
5.354098360655737743e+00
5.281967213114754145e+00
5.104918032786884829e+00
5.200000000000000178e+00
5.855737704918032804e+00
5.944262295081967018e+00
5.095081967213114460e+00
4.763934426229508468e+00
4.531147540983606170e+00
4.026229508196720985e+00
4.357377049180327866e+00
4.216393442622950793e+00
4.281967213114754145e+00
4.334426229508197004e+00
3.767213114754098147e+00
3.590163934426229719e+00
3.491803278688524692e+00
3.491803278688524692e+00
3.642622950819672134e+00
3.478688524590163755e+00
3.068852459016393475e+00
3.003278688524590123e+00
3.144262295081967196e+00
3.259016393442622839e+00
3.298360655737704761e+00
3.436065573770491710e+00
3.734426229508196915e+00
3.318032786885245944e+00
3.354098360655737743e+00
3.465573770491803263e+00
3.554098360655737920e+00
3.577049180327868783e+00
3.740983606557377161e+00
4.111475409836065964e+00
4.009836065573770369e+00
4.278688524590164022e+00
4.285245901639344268e+00
4.478688524590164199e+00
5.003278688524590123e+00
4.914754098360655910e+00
4.901639344262295417e+00
5.524590163934425924e+00
5.681967213114754500e+00
5.563934426229508290e+00
5.990163934426229631e+00
6.324590163934426634e+00
6.452459016393442326e+00
6.442622950819671956e+00
6.619672131147541272e+00
6.826229508196721696e+00
7.216393442622950793e+00
7.622950819672131395e+00
7.462295081967212695e+00
7.665573770491802996e+00
8.065573770491802463e+00
9.170491803278688181e+00
9.878688524590163667e+00
1.000000000000000000e+01
9.337704918032786239e+00
8.767213114754097703e+00
8.914754098360655021e+00
8.918032786885245145e+00
8.567213114754098413e+00
8.829508196721311819e+00
8.947540983606558029e+00
9.796721311475410587e+00
9.924590163934425391e+00
9.718032786885245855e+00
9.652459016393443392e+00
9.501639344262295950e+00
9.239344262295082544e+00
8.665573770491803884e+00
9.400000000000000355e+00
8.691803278688524870e+00
9.199999999999999289e+00
9.308196721311475130e+00
9.285245901639344268e+00
9.334426229508196116e+00
9.032786885245901232e+00
8.501639344262295950e+00
8.727868852459016225e+00
7.659016393442622750e+00
6.603278688524589768e+00
7.160655737704917811e+00
7.675409836065573366e+00
7.560655737704918167e+00
6.659016393442622750e+00
6.642622950819672134e+00
6.796721311475409699e+00
6.950819672131147264e+00
6.321311475409835623e+00
5.691803278688524870e+00
6.045901639344262612e+00
6.078688524590163844e+00
6.127868852459016580e+00
5.927868852459016402e+00
5.927868852459016402e+00
5.718032786885245855e+00
5.357377049180327866e+00
5.668852459016393119e+00
6.334426229508197004e+00
6.114754098360656087e+00
6.180327868852459439e+00
6.029508196721311108e+00
6.763934426229508468e+00
7.718032786885245855e+00
7.757377049180328221e+00
7.144262295081967196e+00
7.318032786885245500e+00
8.304918032786885007e+00
9.022950819672130862e+00
9.593442622950819398e+00
9.416393442622950971e+00
9.504918032786886073e+00
8.940983606557377783e+00
9.921311475409835268e+00
1.089180327868852416e+01
1.134098360655737636e+01
1.202622950819672099e+01
1.229836065573770476e+01
1.230491803278688501e+01
1.338688524590163986e+01
1.430819672131147513e+01
1.497377049180327901e+01
1.489180327868852416e+01
1.566229508196721376e+01
1.602950819672131288e+01
1.580000000000000071e+01
1.601967213114754074e+01
1.714754098360655732e+01
1.702622950819672099e+01
1.867213114754098413e+01
1.871475409836065751e+01
1.908524590163934320e+01
1.973770491803278659e+01
2.059016393442622928e+01
2.122295081967213193e+01
2.155737704918032804e+01
2.120655737704917954e+01
2.052786885245901516e+01
2.075737704918032733e+01
2.077704918032786807e+01
1.976721311475409948e+01
2.050163934426229417e+01
2.034426229508196826e+01
1.994426229508196613e+01
1.961311475409836191e+01
2.038688524590163809e+01
2.033770491803278802e+01
2.019016393442623070e+01
1.938688524590163809e+01
1.957049180327868854e+01
1.894426229508196613e+01
1.905901639344262222e+01
1.932459016393442752e+01
1.892786885245901729e+01
1.796065573770491852e+01
1.753442622950819541e+01
1.684918032786885078e+01
1.617377049180327830e+01
1.625901639344262151e+01
1.622295081967213193e+01
1.538360655737704974e+01
1.579016393442623034e+01
1.589836065573770441e+01
1.575737704918032733e+01
1.516065573770491781e+01
1.271803278688524586e+01
1.319344262295081904e+01
1.321967213114754180e+01
1.287213114754098342e+01
1.282295081967213157e+01
1.186885245901639330e+01
1.219999999999999929e+01
1.170491803278688536e+01
1.158032786885245891e+01
1.119672131147540917e+01
1.149836065573770405e+01
1.216393442622950793e+01
1.282950819672131182e+01
1.347540983606557319e+01
1.432131147540983562e+01
1.427868852459016402e+01
1.400983606557377037e+01
1.519016393442622892e+01
1.651147540983606632e+01
1.665901639344262364e+01
1.725245901639344126e+01
1.855737704918032804e+01
2.023606557377049242e+01
1.971803278688524586e+01
2.254754098360655590e+01
2.278032786885245997e+01
2.519672131147541094e+01
2.862950819672131075e+01
3.031475409836065538e+01
3.106885245901639436e+01
3.459672131147541307e+01
3.431475409836065893e+01
3.865245901639344339e+01
4.027540983606557035e+01
3.986885245901639507e+01
4.021311475409836333e+01
4.349180327868852203e+01
4.524262295081967267e+01
4.750819672131147797e+01
4.932459016393442397e+01
5.230819672131147513e+01
5.283934426229507864e+01
5.667868852459016438e+01
5.694754098360655803e+01
5.761967213114753861e+01
6.242950819672131502e+01
6.232131147540983562e+01
6.378032786885245997e+01
6.488196721311474846e+01
6.954098360655737565e+01
6.911475409836064898e+01
6.416393442622950261e+01
7.048196721311475699e+01
6.778032786885245287e+01
6.936393442622950545e+01
7.016065573770491426e+01
7.138032786885246139e+01
6.941311475409835907e+01
7.318360655737704690e+01
6.777049180327868783e+01
7.144590163934425675e+01
6.983278688524589484e+01
7.334754098360656371e+01
7.078032786885245287e+01
7.449508196721311037e+01
6.614426229508197252e+01
7.390491803278688110e+01
7.262295081967212695e+01
7.550819672131147797e+01
7.168524590163934818e+01
7.769508196721311322e+01
7.881967213114754145e+01
8.039672131147540313e+01
7.558032786885246423e+01
7.824918032786885647e+01
7.714426229508197252e+01
7.775737704918033444e+01
7.440983606557377072e+01
7.788852459016393937e+01
7.119672131147541450e+01
7.616065573770491426e+01
7.437704918032787305e+01
7.594098360655738134e+01
7.467540983606556892e+01
8.051803278688524301e+01
7.565901639344262719e+01
8.029836065573771009e+01
8.392786885245901374e+01
8.500327868852458835e+01
8.630819672131147513e+01
9.047868852459016864e+01
9.422295081967213548e+01
9.658688524590164093e+01
9.846557377049180104e+01
1.025180327868852430e+02
1.046950819672131132e+02
1.147803278688524529e+02
1.183442622950819612e+02
1.243409836065573728e+02
1.273442622950819612e+02
1.415704918032786850e+02
1.413409836065573870e+02
1.495344262295081990e+02
1.528327868852458948e+02
1.705213114754098456e+02
1.752491803278688565e+02
1.820754098360655746e+02
1.903540983606557404e+02
1.950032786885246026e+02
2.035999999999999943e+02
2.057278688524590109e+02
2.066655737704917897e+02
2.136459016393442596e+02
2.219836065573770441e+02
2.185606557377049057e+02
2.233245901639344311e+02
2.248622950819672042e+02
2.261147540983606632e+02
2.284819672131147570e+02
2.266885245901639223e+02
2.254524590163934477e+02
2.293606557377049171e+02
2.309901639344262207e+02
2.275213114754098456e+02
2.304098360655737565e+02
2.268655737704918067e+02
2.289344262295082046e+02
2.313475409836065637e+02
2.334131147540983591e+02
2.335180327868852430e+02
2.342131147540983704e+02
2.335836065573770384e+02
2.349901639344262207e+02
2.353803278688524472e+02
2.344065573770491824e+02
2.331770491803278560e+02
2.368852459016393368e+02
2.360885245901639280e+02
2.374557377049180218e+02
2.382754098360655632e+02
2.406360655737704803e+02
2.409442622950819555e+02
2.408491803278688508e+02
2.412655737704918124e+02
2.420819672131147513e+02
2.425344262295081990e+02
2.445770491803278617e+02
2.456819672131147456e+02
2.450786885245901772e+02
2.454032786885245798e+02
2.445540983606557290e+02
2.465803278688524642e+02
2.469704918032786907e+02
2.457475409836065694e+02
2.444950819672131104e+02
2.458786885245901601e+02
2.468098360655737622e+02
2.438393442622950715e+02
2.476393442622950829e+02
2.472262295081967238e+02
2.486229508196721270e+02
2.489278688524590279e+02
2.501672131147541052e+02
2.488983606557377186e+02
2.490196721311475301e+02
2.488590163934426300e+02
2.474950819672131104e+02
2.462262295081967238e+02
2.458032786885245855e+02
2.449213114754098228e+02
2.461475409836065467e+02
2.456360655737704803e+02
2.432065573770491937e+02
2.437311475409836135e+02
2.447213114754098342e+02
2.440065573770491767e+02
2.456229508196721270e+02
2.451540983606557518e+02
2.455442622950819782e+02
2.459540983606557347e+02
2.454262295081967125e+02
2.445803278688524642e+02
2.438918032786885135e+02
2.456459016393442596e+02
2.448393442622950715e+02
2.440327868852459119e+02
2.443967213114754031e+02
2.414262295081967125e+02
2.432229508196721213e+02
2.407180327868852601e+02
2.385311475409835964e+02
2.368262295081967181e+02
2.336032786885245969e+02
2.334491803278688451e+02
2.292655737704918124e+02
2.268131147540983648e+02
2.195081967213114638e+02
2.181475409836065467e+02
2.129245901639344254e+02
2.089868852459016466e+02
1.980295081967213093e+02
1.991016393442622814e+02
1.901508196721311492e+02
1.869409836065573813e+02
1.789147540983606461e+02
1.707311475409836135e+02
1.645639344262295083e+02
1.604885245901639337e+02
1.617540983606557461e+02
1.542524590163934306e+02
1.587573770491803202e+02
1.512754098360655632e+02
1.576557377049180388e+02
1.416229508196721270e+02
1.451344262295081933e+02
1.386590163934426130e+02
1.358852459016393368e+02
1.321377049180327958e+02
1.294131147540983591e+02
1.319442622950819555e+02
1.286622950819672155e+02
1.279147540983606604e+02
1.308163934426229389e+02
1.237737704918032762e+02
1.303049180327868726e+02
1.249704918032786907e+02
1.257836065573770554e+02
1.246295081967213179e+02
1.271081967213114723e+02
1.242754098360655775e+02
1.271770491803278702e+02
1.217409836065573785e+02
1.258295081967213065e+02
1.253934426229508148e+02
1.258393442622950857e+02
1.239704918032786907e+02
1.249573770491803231e+02
1.238131147540983648e+02
1.265836065573770526e+02
1.273147540983606518e+02
1.259245901639344254e+02
1.271409836065573700e+02
1.238131147540983648e+02
1.293639344262295197e+02
1.241344262295081933e+02
1.253213114754098427e+02
1.244918032786885220e+02
1.236655737704918039e+02
1.275803278688524642e+02
1.248721311475409834e+02
1.285245901639344197e+02
1.267704918032786878e+02
1.256393442622950829e+02
1.240000000000000000e+02
1.248950819672131161e+02
1.200819672131147513e+02
1.258786885245901601e+02
1.225147540983606547e+02
1.224327868852459034e+02
1.200983606557377072e+02
1.199475409836065580e+02
1.181049180327868839e+02
1.192622950819672099e+02
1.178557377049180275e+02
1.146983606557377016e+02
1.102295081967213122e+02
1.119344262295081904e+02
1.066295081967213179e+02
1.075967213114754060e+02
1.016885245901639365e+02
1.011409836065573700e+02
9.847213114754097774e+01
9.682295081967212980e+01
9.371803278688524586e+01
9.381639344262295310e+01
9.091803278688524870e+01
9.171803278688524586e+01
8.622295081967213548e+01
8.626557377049179820e+01
8.475409836065573188e+01
8.487868852459016011e+01
8.169180327868852487e+01
8.116065573770491426e+01
7.871475409836065751e+01
7.755409836065574325e+01
7.477377049180327617e+01
7.830163934426229844e+01
7.412131147540983989e+01
7.548852459016393368e+01
7.340000000000000568e+01
7.133770491803278446e+01
7.165573770491803884e+01
7.377704918032786452e+01
7.184262295081967409e+01
7.279344262295082046e+01
7.042622950819672667e+01
7.086229508196721838e+01
7.000000000000000000e+01
7.076065573770492279e+01
6.922622950819672383e+01
6.880327868852458550e+01
6.763278688524590621e+01
6.909836065573770725e+01
6.815737704918032591e+01
7.075737704918033444e+01
6.897704918032786736e+01
6.936393442622950545e+01
6.956393442622950829e+01
6.934426229508196116e+01
6.953442622950819896e+01
7.066885245901639223e+01
7.112459016393442823e+01
7.170819672131148081e+01
7.087540983606557177e+01
7.087213114754098342e+01
7.018032786885245855e+01
7.010819672131147229e+01
7.311147540983606063e+01
7.218688524590163524e+01
7.156721311475409664e+01
7.241967213114753577e+01
7.047868852459016864e+01
7.263278688524590621e+01
7.041639344262294742e+01
7.163606557377049455e+01
6.941311475409835907e+01
6.999016393442623496e+01
6.879016393442623212e+01
7.111475409836064898e+01
6.977049180327868783e+01
7.124590163934426812e+01
7.023606557377048887e+01
7.074426229508196684e+01
6.709836065573770725e+01
6.761639344262295026e+01
6.761639344262295026e+01
6.843934426229508006e+01
6.833770491803278446e+01
7.024590163934426812e+01
6.879344262295082046e+01
7.031475409836065182e+01
6.899672131147541165e+01
6.962295081967212695e+01
7.065573770491803884e+01
7.201311475409836760e+01
7.196721311475410232e+01
7.245573770491803600e+01
7.260327868852459687e+01
7.306885245901639792e+01
7.152131147540983136e+01
7.207540983606557461e+01
7.030163934426229844e+01
7.017049180327869351e+01
6.822295081967213548e+01
6.721967213114754713e+01
6.724918032786885647e+01
6.595737704918032307e+01
6.523934426229507721e+01
6.525901639344262151e+01
6.369180327868852487e+01
6.419016393442622359e+01
6.259016393442622928e+01
6.214754098360656087e+01
6.113442622950819327e+01
6.013442622950819327e+01
5.989508196721311606e+01
5.883278688524590194e+01
5.889836065573770441e+01
5.927868852459016580e+01
5.941311475409835907e+01
5.860655737704917811e+01
5.748852459016393368e+01
5.651475409836065467e+01
5.581967213114754145e+01
5.702295081967213264e+01
5.696721311475409522e+01
5.808196721311475130e+01
5.751475409836065467e+01
5.739016393442622643e+01
5.748196721311475699e+01
5.928196721311475414e+01
5.807868852459016296e+01
5.831475409836065893e+01
5.941967213114754287e+01
5.848524590163934533e+01
5.910819672131147229e+01
5.894754098360655803e+01
5.778032786885245997e+01
5.818360655737704690e+01
5.882295081967212980e+01
6.021311475409836333e+01
6.012786885245901658e+01
6.159016393442622928e+01
6.031147540983606348e+01
6.050491803278688252e+01
5.994426229508196968e+01
5.917704918032787020e+01
5.963606557377049455e+01
6.039016393442622643e+01
5.982950819672131360e+01
5.919344262295081904e+01
5.828852459016393794e+01
5.825901639344262151e+01
5.912786885245901658e+01
5.931147540983606348e+01
5.768524590163934107e+01
5.887213114754098342e+01
5.775737704918032733e+01
5.926885245901639365e+01
6.043934426229508006e+01
6.071803278688524586e+01
5.935737704918032875e+01
6.157049180327868498e+01
5.939016393442622643e+01
6.139016393442622643e+01
6.361967213114753861e+01
6.511475409836064898e+01
6.445573770491803600e+01
6.722295081967213548e+01
6.815081967213114922e+01
6.844590163934425675e+01
6.917704918032787020e+01
7.007868852459016296e+01
6.921639344262294458e+01
7.026885245901638655e+01
6.906557377049180957e+01
6.739016393442622643e+01
6.627868852459016580e+01
6.456721311475409664e+01
6.421639344262294458e+01
6.563606557377049455e+01
6.408524590163933965e+01
6.379999999999999716e+01
6.348196721311475699e+01
6.223606557377048887e+01
6.039672131147541023e+01
6.110819672131147229e+01
5.982622950819671814e+01
5.965245901639344339e+01
5.967868852459016438e+01
5.987540983606557177e+01
6.066557377049180388e+01
6.188852459016393226e+01
6.094426229508196968e+01
6.261967213114753861e+01
6.001639344262294884e+01
5.937377049180327759e+01
5.819016393442623070e+01
5.795409836065573472e+01
5.803278688524590478e+01
5.844262295081967551e+01
5.841311475409835907e+01
5.861639344262295026e+01
5.754426229508196400e+01
5.715081967213114922e+01
5.623934426229508432e+01
5.611803278688524443e+01
5.670163934426229702e+01
5.573770491803279015e+01
5.596065573770491852e+01
5.624262295081967267e+01
5.675409836065573899e+01
5.582950819672131360e+01
5.596721311475409522e+01
5.571475409836065751e+01
5.650491803278688252e+01
5.586557377049180673e+01
5.605245901639344197e+01
5.633770491803278446e+01
5.695409836065573472e+01
5.600655737704918380e+01
5.705245901639344197e+01
5.734098360655737991e+01
5.674098360655737849e+01
5.692131147540983704e+01
5.676721311475409948e+01
5.879344262295082046e+01
5.846885245901639649e+01
5.962295081967213406e+01
6.016721311475409806e+01
5.996065573770491852e+01
5.992131147540983704e+01
5.854754098360655945e+01
5.843278688524590336e+01
5.907213114754098626e+01
5.832459016393442397e+01
5.765573770491803174e+01
5.800983606557377215e+01
5.836721311475410090e+01
5.816721311475409806e+01
5.719672131147540739e+01
5.687540983606557177e+01
5.735409836065574041e+01
5.684918032786885078e+01
5.868852459016393652e+01
5.919016393442623070e+01
5.960655737704917811e+01
5.913442622950819327e+01
5.870491803278688536e+01
5.887213114754098342e+01
5.955409836065573614e+01
6.064590163934425959e+01
6.272786885245901800e+01
6.316065573770492136e+01
6.365573770491803174e+01
6.311803278688524443e+01
6.217704918032787020e+01
6.340327868852458693e+01
6.344262295081967551e+01
6.375737704918032733e+01
6.301311475409836049e+01
6.227540983606557035e+01
6.195737704918033018e+01
6.127540983606557035e+01
6.155081967213114780e+01
6.121967213114754003e+01
6.112459016393442823e+01
6.091147540983606490e+01
6.036721311475410090e+01
5.969836065573770156e+01
5.945901639344262435e+01
5.771475409836065751e+01
5.731475409836065893e+01
5.776721311475409948e+01
5.786557377049180673e+01
5.796065573770491852e+01
5.812131147540983278e+01
5.717704918032787020e+01
5.883278688524590194e+01
5.723606557377048887e+01
5.851147540983606632e+01
5.823606557377048887e+01
5.837704918032786594e+01
5.878688524590163667e+01
5.858360655737705258e+01
5.647868852459016153e+01
5.628852459016393794e+01
5.720655737704917954e+01
5.794426229508196968e+01
5.916065573770492136e+01
5.860000000000000142e+01
5.800983606557377215e+01
5.878360655737704832e+01
5.979016393442623212e+01
6.128852459016393794e+01
6.101967213114754429e+01
6.236065573770491710e+01
6.198360655737705116e+01
6.250819672131147797e+01
6.217049180327868640e+01
6.206885245901639081e+01
6.275737704918032733e+01
6.336393442622950545e+01
6.286229508196721127e+01
6.227213114754098200e+01
6.235737704918032875e+01
6.173442622950819469e+01
6.023606557377048887e+01
5.999344262295081620e+01
5.765245901639344339e+01
5.822950819672131217e+01
5.783934426229507864e+01
5.763278688524589910e+01
5.809508196721311180e+01
5.886885245901639507e+01
5.728524590163934249e+01
5.696065573770491852e+01
5.679344262295082046e+01
5.635081967213114496e+01
5.758032786885245713e+01
5.863606557377049455e+01
5.915081967213114922e+01
5.895737704918033018e+01
5.845901639344262435e+01
5.970819672131147371e+01
5.911475409836065609e+01
5.797377049180327901e+01
5.914426229508196542e+01
5.998360655737705116e+01
5.827868852459016580e+01
5.802295081967213264e+01
5.643934426229508006e+01
5.771475409836065751e+01
5.820983606557376788e+01
5.977049180327868783e+01
5.847868852459016153e+01
5.893442622950819754e+01
5.708524590163934676e+01
5.839999999999999858e+01
5.797377049180327901e+01
5.835081967213114496e+01
5.845901639344262435e+01
5.884262295081967409e+01
5.898688524590163951e+01
5.792786885245901374e+01
5.768852459016393652e+01
5.758032786885245713e+01
5.892131147540983704e+01
5.996721311475409522e+01
5.897049180327869067e+01
5.857049180327868498e+01
5.766885245901639223e+01
5.839344262295082189e+01
5.812131147540983278e+01
5.781967213114754145e+01
5.621639344262295168e+01
5.751803278688524301e+01
5.847868852459016153e+01
5.960000000000000142e+01
5.980327868852459261e+01
6.061311475409836191e+01
5.874754098360655519e+01
5.912786885245901658e+01
5.935409836065574041e+01
5.986557377049180673e+01
5.865245901639344339e+01
5.888524590163934391e+01
5.900000000000000000e+01
5.773770491803279015e+01
5.813442622950819327e+01
5.915409836065573757e+01
5.659016393442622928e+01
5.715081967213114922e+01
5.639344262295082189e+01
5.614426229508196542e+01
5.687540983606557177e+01
5.713442622950819327e+01
5.745901639344262435e+01
5.744918032786885220e+01
5.764590163934425959e+01
5.711475409836065609e+01
5.875409836065573899e+01
5.937049180327868925e+01
5.896393442622950687e+01
5.963606557377049455e+01
5.924262295081967267e+01
5.927213114754098200e+01
6.016065573770492136e+01
6.021639344262295168e+01
5.872786885245901800e+01
5.765573770491803174e+01
5.803934426229508148e+01
5.896721311475409522e+01
6.003278688524590478e+01
5.937049180327868925e+01
5.769836065573770156e+01
5.769180327868852487e+01
5.770163934426229702e+01
5.977377049180327617e+01
5.952459016393442681e+01
5.843934426229508006e+01
5.828852459016393794e+01
5.918032786885245855e+01
5.925245901639344481e+01
5.904262295081966982e+01
5.924590163934426101e+01
5.671803278688524586e+01
5.870163934426229702e+01
5.897049180327869067e+01
5.665901639344262009e+01
5.504590163934426528e+01
5.348524590163934533e+01
5.474754098360655519e+01
5.595081967213114638e+01
5.730491803278688678e+01
5.508196721311475130e+01
5.534098360655737991e+01
5.390819672131147655e+01
5.487540983606557177e+01
5.556393442622950829e+01
5.668524590163934107e+01
5.571147540983606206e+01
5.654098360655737565e+01
5.660327868852458977e+01
5.877377049180327617e+01
5.692459016393442539e+01
5.660655737704917811e+01
5.602622950819672099e+01
5.792786885245901374e+01
5.809508196721311180e+01
5.723606557377048887e+01
5.723606557377048887e+01
5.721639344262295168e+01
6.040327868852458693e+01
6.029180327868852629e+01
6.003278688524590478e+01
5.945573770491803600e+01
5.935081967213114496e+01
6.004590163934426528e+01
5.950163934426229417e+01
5.860983606557377357e+01
5.816065573770492136e+01
5.899672131147541165e+01
5.834754098360655661e+01
5.874754098360655519e+01
5.659344262295081762e+01
5.678688524590163667e+01
5.902950819672130933e+01
5.971147540983606206e+01
5.873442622950819469e+01
5.960000000000000142e+01
5.999016393442622785e+01
6.261639344262295026e+01
6.283606557377049029e+01
6.224262295081967267e+01
6.293770491803278588e+01
6.388524590163934391e+01
6.156393442622950829e+01
6.193770491803278588e+01
6.189836065573770441e+01
6.317049180327868640e+01
6.066885245901639223e+01
5.979016393442623212e+01
6.036393442622950545e+01
6.153114754098360351e+01
6.195409836065573472e+01
6.333770491803278446e+01
6.358688524590164093e+01
6.463934426229508290e+01
6.479999999999999716e+01
6.381639344262295310e+01
6.411803278688525154e+01
6.496721311475410232e+01
6.504590163934426528e+01
6.441967213114753577e+01
6.271803278688524586e+01
6.243934426229508006e+01
6.213114754098360493e+01
6.206229508196721412e+01
6.219672131147540739e+01
6.149508196721311748e+01
6.130491803278688678e+01
6.152131147540983847e+01
6.095737704918033018e+01
6.156721311475408953e+01
6.209180327868850924e+01
6.187868852459016722e+01
6.211147540983606774e+01
6.167540983606557603e+01
6.151475409836065467e+01
6.135081967213114496e+01
6.121311475409836333e+01
6.163606557377049455e+01
5.960655737704917811e+01
5.975081967213115064e+01
6.024590163934426101e+01
5.986229508196721127e+01
5.951475409836065467e+01
5.924590163934426101e+01
5.977049180327868783e+01
6.015081967213114922e+01
5.975081967213115064e+01
5.952786885245901516e+01
5.993442622950819754e+01
5.977049180327868783e+01
5.911803278688524443e+01
5.796065573770491852e+01
5.754754098360655945e+01
5.714426229508196542e+01
5.642622950819671956e+01
5.577049180327868783e+01
5.566885245901639223e+01
5.656393442622950829e+01
5.608852459016393510e+01
5.587868852459016722e+01
5.561311475409836191e+01
5.574426229508196684e+01
5.595737704918033018e+01
5.587540983606557177e+01
5.556065573770491994e+01
5.566885245901639223e+01
5.297377049180327901e+01
5.296721311475409522e+01
5.001311475409836049e+01
5.249508196721311748e+01
5.298688524590163951e+01
5.200327868852458835e+01
5.085573770491803458e+01
5.139672131147541023e+01
5.102622950819672099e+01
5.030819672131147513e+01
4.918360655737704690e+01
5.060000000000000142e+01
5.133770491803278446e+01
5.088852459016393226e+01
5.075737704918032733e+01
4.956721311475409664e+01
4.966557377049180388e+01
4.892786885245901374e+01
4.473770491803279015e+01
4.621311475409836333e+01
4.726885245901639365e+01
4.581967213114754145e+01
4.278360655737704832e+01
4.318032786885245855e+01
4.059672131147541307e+01
4.295737704918033018e+01
4.365901639344262009e+01
4.444918032786885220e+01
3.979016393442623212e+01
3.826557377049180531e+01
3.870819672131147371e+01
3.710491803278688394e+01
3.426229508196720985e+01
3.344262295081967551e+01
3.403934426229508148e+01
3.439999999999999858e+01
3.052459016393442681e+01
2.811147540983606419e+01
2.848524590163934533e+01
3.214426229508196542e+01
3.042295081967213122e+01
2.701639344262295239e+01
2.642295081967213122e+01
2.661967213114754216e+01
2.651147540983606632e+01
2.513770491803278517e+01
2.590491803278688465e+01
2.437377049180327759e+01
2.313442622950819683e+01
2.073770491803278659e+01
1.980655737704918096e+01
1.930163934426229488e+01
1.917049180327868996e+01
1.864918032786885149e+01
1.644590163934426386e+01
1.661311475409836191e+01
1.734098360655737636e+01
1.735081967213114851e+01
1.580983606557377108e+01
1.310163934426229559e+01
1.351147540983606632e+01
1.420983606557376966e+01
1.310491803278688572e+01
1.259999999999999964e+01
1.226229508196721341e+01
1.203934426229508148e+01
9.704918032786885362e+00
9.508196721311476196e+00
1.045901639344262257e+01
1.059016393442622928e+01
1.016393442622950793e+01
9.901639344262294529e+00
1.004590163934426172e+01
1.033442622950819612e+01
1.084918032786885256e+01
1.050819672131147620e+01
8.272131147540983775e+00
9.426229508196721341e+00
1.109836065573770547e+01
1.024918032786885291e+01
8.904918032786884652e+00
8.944262295081967906e+00
8.754098360655737210e+00
7.809836065573770192e+00
7.324590163934426634e+00
7.596721311475409522e+00
7.698360655737705116e+00
7.963934426229507757e+00
7.881967213114753790e+00
8.275409836065573899e+00
7.914754098360655910e+00
7.983606557377049384e+00
7.154098360655737565e+00
6.901639344262295417e+00
6.839344262295082189e+00
7.186885245901639685e+00
7.357377049180327866e+00
6.288524590163934391e+00
6.301639344262294884e+00
6.537704918032787305e+00
7.124590163934426457e+00
6.511475409836065431e+00
7.200000000000000178e+00
7.072131147540983598e+00
6.737704918032786594e+00
6.763934426229508468e+00
6.803278688524589946e+00
6.022950819672130862e+00
5.563934426229508290e+00
6.193442622950819931e+00
6.006557377049180246e+00
6.055737704918032982e+00
6.078688524590163844e+00
5.354098360655737743e+00
5.599999999999999645e+00
5.891803278688524159e+00
5.931147540983606525e+00
5.639344262295082011e+00
6.334426229508197004e+00
5.642622950819672134e+00
5.501639344262295062e+00
5.829508196721311819e+00
5.977049180327869138e+00
5.495081967213114815e+00
5.127868852459016580e+00
4.980327868852459261e+00
5.288524590163934391e+00
6.019672131147540739e+00
5.855737704918032804e+00
5.045901639344262612e+00
5.052459016393442859e+00
5.491803278688524692e+00
5.095081967213114460e+00
4.422950819672131217e+00
4.396721311475410232e+00
5.036065573770492243e+00
4.727868852459016225e+00
4.104918032786884829e+00
4.239344262295081656e+00
4.524590163934425924e+00
4.311475409836065253e+00
4.386885245901638974e+00
4.763934426229508468e+00
5.081967213114753967e+00
4.508196721311475308e+00
4.613114754098361026e+00
4.859016393442622928e+00
4.996721311475409877e+00
4.816393442622950438e+00
4.544262295081967551e+00
4.754098360655738098e+00
4.304918032786885007e+00
3.862295081967213051e+00
3.836065573770491621e+00
4.022950819672130862e+00
4.104918032786884829e+00
3.957377049180327955e+00
3.875409836065573987e+00
3.960655737704918078e+00
4.163934426229507935e+00
4.203278688524590301e+00
4.436065573770491710e+00
4.180327868852459439e+00
4.039344262295082366e+00
3.967213114754098324e+00
3.721311475409835978e+00
3.501639344262295062e+00
3.432786885245901587e+00
3.222950819672131040e+00
3.200000000000000178e+00
3.160655737704917811e+00
3.288524590163934391e+00
3.609836065573770458e+00
4.157377049180327688e+00
4.183606557377049562e+00
3.619672131147540828e+00
3.570491803278688536e+00
3.439344262295081833e+00
3.622950819672130951e+00
3.750819672131147531e+00
3.521311475409836245e+00
2.960655737704918078e+00
3.039344262295081922e+00
3.586885245901639152e+00
2.940983606557376895e+00
3.016393442622950616e+00
3.039344262295081922e+00
3.219672131147540917e+00
3.449180327868852647e+00
3.449180327868852647e+00
3.039344262295081922e+00
3.344262295081967373e+00
3.678688524590163933e+00
3.350819672131147620e+00
2.744262295081967284e+00
2.957377049180327955e+00
3.127868852459016580e+00
2.924590163934426279e+00
3.108196721311475397e+00
3.183606557377049118e+00
3.140983606557377072e+00
2.970491803278688447e+00
3.475409836065573632e+00
2.931147540983606525e+00
3.193442622950819487e+00
3.514754098360655554e+00
3.701639344262295239e+00
3.377049180327869049e+00
3.740983606557377161e+00
3.419672131147541094e+00
3.059016393442623105e+00
3.360655737704917989e+00
3.390163934426229542e+00
3.121311475409835889e+00
3.557377049180328044e+00
3.783606557377049207e+00
3.790163934426229453e+00
3.704918032786885362e+00
3.763934426229508023e+00
3.714754098360655732e+00
3.839344262295082189e+00
4.016393442622950616e+00
4.022950819672130862e+00
3.688524590163934302e+00
3.855737704918032804e+00
3.701639344262295239e+00
3.632786885245901765e+00
3.399999999999999911e+00
3.413114754098360848e+00
3.593442622950819842e+00
3.518032786885246121e+00
3.773770491803278837e+00
3.688524590163934302e+00
3.665573770491803440e+00
3.908196721311475219e+00
4.101639344262294706e+00
3.714754098360655732e+00
3.718032786885245855e+00
3.773770491803278837e+00
3.488524590163934569e+00
3.429508196721311464e+00
3.744262295081967284e+00
3.304918032786885451e+00
3.068852459016393475e+00
3.268852459016393652e+00
3.134426229508196826e+00
3.252459016393442592e+00
3.760655737704917900e+00
3.213114754098360670e+00
3.222950819672131040e+00
3.278688524590164022e+00
3.272131147540983775e+00
3.432786885245901587e+00
3.642622950819672134e+00
3.114754098360655643e+00
3.560655737704918167e+00
3.262295081967212962e+00
2.760655737704917900e+00
2.868852459016393297e+00
2.983606557377049384e+00
2.937704918032786772e+00
2.944262295081967018e+00
3.032786885245901676e+00
2.927868852459016402e+00
3.104918032786885274e+00
3.039344262295081922e+00
3.029508196721311553e+00
3.068852459016393475e+00
3.390163934426229542e+00
2.973770491803278571e+00
2.813114754098360759e+00
3.281967213114754145e+00
3.272131147540983775e+00
2.757377049180327777e+00
3.019672131147541183e+00
3.049180327868852292e+00
2.829508196721311375e+00
3.245901639344262346e+00
3.206557377049180424e+00
3.091803278688524781e+00
3.340983606557377250e+00
3.196721311475410054e+00
3.062295081967213228e+00
3.377049180327869049e+00
3.281967213114754145e+00
3.321311475409836067e+00
3.285245901639344268e+00
3.318032786885245944e+00
3.088524590163934214e+00
3.170491803278688625e+00
3.275409836065573899e+00
3.233521311475408666e+00
3.298360655737704761e+00
