15.282
16.332
15.098
18.698
31.747
34.088
18.974
18.946
42.882
49.497
26.661
15.289
27.994
32.74
21.642
15.13
15.515
15.04
15.712
15.651
15.992
27.88
39.385
27.25
15.209
38.055
62.476
43.896
16.362
25.096
42.089
32.583
17.193
15.495
15.982
15.022
15.872
15.016
22.995
42.139
39.953
17.067
29.687
74.355
73.818
27.966
19.354
51.708
54.827
26.717
15.006
17.973
15.938
15.312
15.295
18.665
43.109
59.405
30.271
20.264
88.094
133.18
70.564
15.007
63.287
108.66
65.804
18.225
20.515
23.328
15.495
15.779
15.945
50.165
118.4
95.511
15.287
155.15
455.73
420.99
69.916
172.71
986.97
1841.6
2755.2
78.342
719.24
856.63
344.31
16.867
163.46
289.99
157.62
26.099
25.188
35.922
19.62
15.046
15.213
30.19
63.005
53.022
15.713
54.986
134.07
112.45
28.501
31.01
91.968
85.892
31.816
15.654
25.732
21.968
15.478
15.007
16.817
28.905
35.827
19.974
21.406
62.934
79.098
38.133
15.822
48.782
67.389
38.736
15.566
20.519
23.438
17.292
15.017
15.104
18.862
26.281
22.141
15.202
34.232
58.184
43.427
16.314
27.903
53.081
43.646
19.363
16.692
23.058
19.822
15.463
15
15.683
20.043
21.602
15.619
21.025
41.557
43.603
21.659
17.81
39.598
44.838
25.223
15.018
20.899
21.974
16.857
15.022
15.027
16.58
19.472
17.006
15.957
28.979
39.432
27.161
15.001
27.976
41.872
31.068
16.121
17.934
22.723
19.072
15.359
15.006
15.223
17.152
17.461
15.005
20.789
32.79
30.264
16.733
19.747
35.676
34.904
19.686
15.593
21.666
