3.093044639163433021e+04
3.260794207017652298e+04
1.550070898685607790e+04
5.939248727714927372e+04
1.510544980562370911e+05
5.692463828616992396e+04
1.620112575112823470e+04
8.459978139894866035e+04
2.561483911126711173e+05
4.489318548805920873e+05
8.357237813195701165e+04
1.392405356676556403e+04
8.794380910816619871e+04
2.176114361218436970e+05
1.149272048387583636e+05
5.145351814679630479e+04
4.454634424884019245e+04
2.019642071122888592e+04
1.153828979913672629e+04
1.262918666051210676e+04
2.912397740970320228e+04
1.348695556044865807e+05
1.020566200952233776e+05
2.873569817200634861e+04
1.030779060340032811e+04
7.083405619257199578e+04
4.996148538932381198e+05
2.530910915622798493e+05
6.465384072916635887e+03
2.058821020620185300e+04
1.769678978443822416e+05
1.133268904550916486e+05
2.518886055887226030e+04
1.655804719071755608e+04
2.395484254834957756e+04
4.930643839919007405e+03
3.015710471211892582e+03
9.566527279329642624e+03
3.053198865148342884e+04
9.775622256075074256e+04
6.304144686045846356e+03
1.413462829567793051e+02
1.784228589568049301e+03
4.793061687888722372e+04
4.990286352988200815e+04
1.038836858355189543e+04
2.752286035816567619e+03
7.431899393801448241e+03
1.164421820974824732e+04
1.012468705153566407e+04
9.300117245147039284e+02
3.228070376434784521e+02
2.647700747017093015e+00
2.056558323706024183e+01
3.058279468891335640e+01
3.877872756463408788e+00
2.050188493700256004e+04
6.426969265381734294e+04
1.184396700534056635e+02
3.512263368669406471e+00
8.395054215539187226e+02
5.819162800030159815e+03
1.282561891597682006e+04
1.168974132029507160e+02
2.341936317908702677e+03
1.131067551532323705e+03
1.402550707229167983e+02
5.059966204912527132e-01
9.590202501286729131e+00
7.376129639847294861e+00
7.114348922145575216e+01
1.097892691165745020e+02
1.090920671584992050e+02
3.061171475233740580e+01
1.698086809019687848e+01
7.140839123637724128e+01
1.054717252217948555e+02
2.453902146997169496e+02
1.865562366431194096e+04
4.108769677474966011e+04
1.570044977947902396e+02
2.476888841944509636e+02
2.023278284529759549e+04
3.354025826116676908e+05
4.447927027795958333e+06
2.734730740696905923e+04
1.596964945786626486e+05
2.437201720263632160e+04
2.113442678615240311e+03
6.215923027748534224e+01
3.095796906046006370e+03
1.001227061929410047e+04
7.456466283911998971e+02
6.495695451203341975e+01
5.703200013607497709e+01
4.991870349737996548e+01
9.339844143388768316e+01
1.106798650694052526e+02
1.113348434676071435e+02
5.039995734006728867e+01
1.033824654297376640e+02
3.422212292369162157e+01
4.242301716190558381e+01
1.465441917780428298e+02
2.574930807141537116e+03
1.742867596983678231e+04
1.201111339184487861e+03
4.563260098704394636e+02
1.920895081180924535e+03
1.213512308056709571e+03
3.272227381448626016e+00
1.482412885204959174e+00
7.956794949833702958e+03
6.230826389386884330e+02
7.081781229683758561e+00
4.243411705864672712e+01
1.594600854471734586e+01
3.424194960274134019e+02
5.110358722497024246e+03
1.431177559985163498e+03
4.503477404228736305e+03
2.250826138396212627e+04
2.698197671343613911e+04
1.131529564628403386e+04
7.964257368392851276e+03
4.932868885027812939e+04
3.871607475193307619e+04
8.433788665988757202e+03
9.773883982222114355e+02
5.668704552206035260e+03
1.983440428890163821e+04
3.873732937392604526e+03
4.171020657941378886e+03
9.691384405797898580e+03
1.349696614498494455e+04
6.867693037269616616e+04
7.145198191839107312e+04
2.376592606523160794e+04
3.336875619947270025e+04
3.649635390111077868e+04
1.164504396631738564e+04
2.621080306625677167e+03
2.807933839657655335e+04
2.378765179238883138e+05
3.141120027638449392e+04
2.307665159533964925e+03
3.814025242773859645e+03
2.491117374550604291e+04
5.168656538293592894e+04
2.266294169505635728e+04
1.076880472936002479e+04
1.968884458637997886e+04
4.158725465411793994e+04
5.446641115011721558e+04
4.980418393363233190e+04
8.430684127904291381e+04
2.958146522639922914e+05
