8.111443319909877880e-02
8.457502316513869356e-02
1.101787992672194350e-01
7.297187615337143163e-02
7.913262139274256091e-02
1.357445097256764488e-01
1.357092518271352521e-01
6.244759644567875884e-02
8.268146781168521364e-02
7.251736733978714211e-02
8.839301950404487851e-02
1.171299901992307463e-01
9.057108871521715732e-02
6.834810898893360631e-02
6.156356159815641604e-02
6.320926509363125612e-02
6.939039803975066700e-02
9.725558470217884888e-02
1.309918476252371622e-01
1.252985976945200919e-01
8.729855687546284049e-02
7.341172039342647171e-02
1.186320256248703103e-01
1.496874131626093896e-01
1.333453109081762789e-01
1.365561146661646297e-01
8.684889612079724208e-02
8.513385551226666792e-02
1.760536554014612565e-01
1.608554129243574826e-01
9.715712520137530228e-02
9.331542742375734112e-02
1.004029708359645001e-01
1.097317122514135518e-01
9.552700035074512819e-02
1.815380174563741844e-01
2.353309268643554442e-01
1.360901930736713172e-01
1.227945473875901861e-01
1.295827536054179052e-01
4.346089947975243506e-01
6.989264510116766083e-01
5.420293766051701434e-01
3.212425991356076538e-01
3.128949275717213263e-01
2.443441769456677348e-01
2.977895879457967965e-01
5.236866801687727335e-01
4.552287809491413761e-01
2.361171310483145824e-01
3.487653949482700244e-01
5.893406043899737101e-01
1.125792373656783196e+00
1.915188651456835700e+00
2.185064684542681324e+00
1.287312794068254940e+00
2.768459509928660189e-01
2.232895924130375298e-01
1.292916224279316628e+00
1.901676504872143125e+00
2.122532993999854956e+00
1.499548468846684912e+00
5.610103387926329566e-01
6.429217931724569013e-01
1.038794201548936647e+00
2.353919238342450093e+00
2.699884169615550444e+00
1.542056945278165170e+00
2.174775201686615311e+00
2.376997659696177045e+00
3.783601816363012293e+00
7.689846136270869437e+00
7.646567761107799122e+00
7.169318171592506062e+00
7.110791243471251022e+00
4.552410704714344725e+00
6.764095598930297548e+00
5.502768246617827153e+00
3.056220390871763559e+00
1.955991765215587597e+00
2.789932149109791037e+00
6.109714036197081199e+00
6.376930661733401173e+00
3.112548563442822935e+00
1.298678724879337665e+00
4.403705561411820346e-01
1.745091102947772033e+00
5.079475617487025474e+00
5.885423847375732542e+00
3.630550776592467610e+00
2.397834232682652278e+00
2.575598684713141129e+00
3.956673401020024627e+00
5.838210917710824788e+00
5.059852535777536353e+00
6.573525985391146520e+00
6.846549271997342423e+00
7.487381645570052591e+00
7.689425332121406775e+00
5.559165349743840245e+00
2.775834246994408616e+00
2.884776745182347391e+00
2.611578077272951326e+00
2.231981583418842341e+00
2.118888495061943100e+00
7.779440248620301812e-01
6.040008802388192599e-01
9.149718616464246335e-01
1.631854053263198656e+00
1.813388619900525356e+00
2.218860117926186870e+00
1.138679107432880810e+00
2.529419973625526841e-01
5.859447816929823638e-01
1.568376717575404644e+00
2.494590663054009116e+00
1.969960654584863580e+00
9.313814806169475879e-01
4.264269384537678342e-01
3.966174409398458001e-01
2.687915591760030587e-01
3.871491637820643761e-01
4.474074285373320081e-01
3.207058706802798920e-01
1.554641612421976127e-01
2.079098024545206480e-01
3.219825177180730136e-01
3.711566897428542622e-01
3.554435083467425982e-01
2.336463390271368845e-01
1.528253246361545026e-01
2.312714404360091403e-01
1.947391672679287811e-01
1.361029792993841692e-01
1.465505896531410224e-01
9.570899137179164629e-02
7.912162540555786605e-02
9.119815075113305025e-02
1.753678339632449845e-01
2.858179308318531398e-01
3.605630848868282556e-01
2.560004465685989938e-01
1.549315657705576665e-01
1.061077094422826633e-01
2.300038800549254747e-01
3.196895916734247001e-01
2.246938150541403223e-01
1.353465252496039162e-01
8.263409945041451377e-02
9.482307391897225324e-02
1.289736616555982318e-01
1.026059359969273554e-01
9.259468962478394072e-02
8.784501650277608265e-02
6.626686935066589124e-02
6.941547135512718403e-02
7.468660008520423832e-02
