0.000000000000000000e+00
8.000000000000000000e+00
1.600000000000000000e+01
2.500000000000000000e+01
3.300000000000000000e+01
4.100000000000000000e+01
4.900000000000000000e+01
5.800000000000000000e+01
6.600000000000000000e+01
7.400000000000000000e+01
8.200000000000000000e+01
9.100000000000000000e+01
9.900000000000000000e+01
1.070000000000000000e+02
1.150000000000000000e+02
1.230000000000000000e+02
1.320000000000000000e+02
1.400000000000000000e+02
1.480000000000000000e+02
1.560000000000000000e+02
1.650000000000000000e+02
1.730000000000000000e+02
1.810000000000000000e+02
1.890000000000000000e+02
1.980000000000000000e+02
2.060000000000000000e+02
2.140000000000000000e+02
2.220000000000000000e+02
2.300000000000000000e+02
2.390000000000000000e+02
2.470000000000000000e+02
2.550000000000000000e+02
2.630000000000000000e+02
2.720000000000000000e+02
2.800000000000000000e+02
2.880000000000000000e+02
2.960000000000000000e+02
3.050000000000000000e+02
3.130000000000000000e+02
3.210000000000000000e+02
3.290000000000000000e+02
3.370000000000000000e+02
3.460000000000000000e+02
3.540000000000000000e+02
3.620000000000000000e+02
3.700000000000000000e+02
3.790000000000000000e+02
3.870000000000000000e+02
3.950000000000000000e+02
4.030000000000000000e+02
4.120000000000000000e+02
4.200000000000000000e+02
4.280000000000000000e+02
4.360000000000000000e+02
4.440000000000000000e+02
4.530000000000000000e+02
4.610000000000000000e+02
4.690000000000000000e+02
4.770000000000000000e+02
4.860000000000000000e+02
4.940000000000000000e+02
5.020000000000000000e+02
5.100000000000000000e+02
5.180000000000000000e+02
5.270000000000000000e+02
5.350000000000000000e+02
5.430000000000000000e+02
5.510000000000000000e+02
5.600000000000000000e+02
5.680000000000000000e+02
5.760000000000000000e+02
5.840000000000000000e+02
5.930000000000000000e+02
6.010000000000000000e+02
6.090000000000000000e+02
6.170000000000000000e+02
6.250000000000000000e+02
6.340000000000000000e+02
6.420000000000000000e+02
6.500000000000000000e+02
6.580000000000000000e+02
6.670000000000000000e+02
6.750000000000000000e+02
6.830000000000000000e+02
6.910000000000000000e+02
7.000000000000000000e+02
7.080000000000000000e+02
7.160000000000000000e+02
7.240000000000000000e+02
7.320000000000000000e+02
7.410000000000000000e+02
7.490000000000000000e+02
7.570000000000000000e+02
7.650000000000000000e+02
7.740000000000000000e+02
7.820000000000000000e+02
7.900000000000000000e+02
7.980000000000000000e+02
8.070000000000000000e+02
8.150000000000000000e+02
8.230000000000000000e+02
8.310000000000000000e+02
8.390000000000000000e+02
8.480000000000000000e+02
8.560000000000000000e+02
8.640000000000000000e+02
8.720000000000000000e+02
8.810000000000000000e+02
8.890000000000000000e+02
8.970000000000000000e+02
9.050000000000000000e+02
9.140000000000000000e+02
9.220000000000000000e+02
9.300000000000000000e+02
9.380000000000000000e+02
9.460000000000000000e+02
9.550000000000000000e+02
9.630000000000000000e+02
9.710000000000000000e+02
9.790000000000000000e+02
9.880000000000000000e+02
9.960000000000000000e+02
1.004000000000000000e+03
1.012000000000000000e+03
1.020000000000000000e+03
1.029000000000000000e+03
1.037000000000000000e+03
1.045000000000000000e+03
1.054000000000000000e+03
1.062000000000000000e+03
1.070000000000000000e+03
1.078000000000000000e+03
1.086000000000000000e+03
1.095000000000000000e+03
1.103000000000000000e+03
1.111000000000000000e+03
1.119000000000000000e+03
1.128000000000000000e+03
1.136000000000000000e+03
1.144000000000000000e+03
1.152000000000000000e+03
1.160000000000000000e+03
1.169000000000000000e+03
1.177000000000000000e+03
1.185000000000000000e+03
1.193000000000000000e+03
1.202000000000000000e+03
1.210000000000000000e+03
1.218000000000000000e+03
1.226000000000000000e+03
1.234000000000000000e+03
1.243000000000000000e+03
1.251000000000000000e+03
1.259000000000000000e+03
1.267000000000000000e+03
1.276000000000000000e+03
1.279000000000000000e+03
