1.499173553719008289e+01
1.486776859504132275e+01
1.514049586776859435e+01
1.640495867768595062e+01
1.839669421487603174e+01
1.923966942148760495e+01
1.796694214876033158e+01
1.546280991735537214e+01
1.503305785123967020e+01
1.655371900826446208e+01
1.832231404958677601e+01
1.819008264462809876e+01
1.679338842975206703e+01
1.561157024793388359e+01
1.527272727272727337e+01
1.544628099173553792e+01
1.593388429752066138e+01
1.669421487603305820e+01
1.701652892561983421e+01
1.649586776859504056e+01
1.533057851239669489e+01
1.688429752066115697e+01
2.117355371900826455e+01
2.557024793388429629e+01
2.443801652892561904e+01
1.949586776859504056e+01
1.629752066115702647e+01
1.769421487603305820e+01
2.109917355371900882e+01
2.173553719008264551e+01
1.885123966942148854e+01
1.665289256198347090e+01
1.642148760330578483e+01
1.761157024793388359e+01
1.882644628099173545e+01
2.031404958677686068e+01
2.268595041322313932e+01
2.279338842975206703e+01
1.928099173553718870e+01
1.799173553719008112e+01
2.250413223140495944e+01
3.136363636363636331e+01
3.719834710743801764e+01
3.467768595041322044e+01
2.603305785123966842e+01
2.152066115702479365e+01
2.080991735537190124e+01
2.213223140495867725e+01
2.190082644628099118e+01
2.166115702479338978e+01
2.238842975206611641e+01
2.753719008264462786e+01
4.039669421487603529e+01
5.600000000000000000e+01
6.714876033057851146e+01
4.858677685950413405e+01
2.518181818181818343e+01
2.440495867768595062e+01
6.745454545454545325e+01
1.254958677685950477e+02
1.373719008264462786e+02
9.523140495867768607e+01
4.277685950413223281e+01
3.188429752066115697e+01
5.626446280991735449e+01
6.559504132231404583e+01
5.250413223140495944e+01
4.764462809917355202e+01
5.266115702479338978e+01
6.129752066115702291e+01
8.162809917355372136e+01
1.422644628099173474e+02
1.732479338842975096e+02
1.898760330578512310e+02
1.802727272727272805e+02
9.649586776859504766e+01
1.617355371900826526e+02
2.120330578512396755e+02
2.415950413223140458e+02
2.478347107438016508e+02
2.418264462809917461e+02
1.647685950413223281e+02
1.804297520661156966e+02
2.425289256198347232e+02
2.519504132231404867e+02
2.541570247933884161e+02
2.491157024793388359e+02
2.132231404958677672e+02
1.485289256198347232e+02
2.357355371900826526e+02
2.461487603305785115e+02
2.442479338842975096e+02
2.337438016528925573e+02
2.030826446280991604e+02
1.228016528925619895e+02
1.949090909090909065e+02
1.982892561983471182e+02
1.858595041322313932e+02
1.609421487603305820e+02
1.111735537190082681e+02
7.238842975206611641e+01
7.479338842975207058e+01
6.609090909090909349e+01
5.152892561983470898e+01
4.814049586776859257e+01
3.702479338842974954e+01
2.967768595041322399e+01
5.343801652892562259e+01
9.384297520661156966e+01
1.191487603305785115e+02
1.098347107438016508e+02
5.214876033057851146e+01
2.434710743801652910e+01
3.462809917355372136e+01
6.002479338842974954e+01
6.981818181818181301e+01
5.338016528925619752e+01
3.517355371900826100e+01
2.478512396694214814e+01
2.392561983471074427e+01
2.338016528925619752e+01
2.382644628099173545e+01
2.416528925619834567e+01
2.286776859504132275e+01
2.112396694214876192e+01
2.508264462809917461e+01
3.293388429752066315e+01
3.777685950413223281e+01
3.553719008264462786e+01
2.625619834710743916e+01
2.169421487603305820e+01
2.346280991735537214e+01
2.532231404958677601e+01
2.455371900826446208e+01
2.190909090909091006e+01
2.015702479338843034e+01
1.997520661157024691e+01
2.027272727272727337e+01
2.148760330578512523e+01
2.355371900826446208e+01
2.564462809917355202e+01
2.399173553719008112e+01
2.081818181818181657e+01
2.013223140495867725e+01
2.322314049586776719e+01
2.623140495867768607e+01
2.566115702479338978e+01
2.318181818181818343e+01
2.135537190082644798e+01
2.090082644628099118e+01
2.090909090909091006e+01
2.072727272727272663e+01
2.028925619834710758e+01
2.005785123966942152e+01
1.934710743801652910e+01
2.026446280991735449e+01
2.101652892561983421e+01
