1.499173553719008289e+01
1.461157024793388359e+01
1.496694214876032980e+01
1.528925619834710758e+01
1.667768595041322399e+01
1.801652892561983421e+01
1.927272727272727337e+01
1.898347107438016579e+01
1.748760330578512523e+01
1.546280991735537214e+01
1.485123966942148677e+01
1.567768595041322399e+01
1.718181818181818343e+01
1.829752066115702647e+01
1.846280991735537214e+01
1.745454545454545325e+01
1.619008264462809876e+01
1.547933884297520635e+01
1.540495867768595062e+01
1.543801652892561904e+01
1.571074380165289242e+01
1.596694214876032980e+01
1.677685950413223281e+01
1.701652892561983421e+01
1.673553719008264551e+01
1.563636363636363669e+01
1.558677685950413228e+01
1.723966942148760495e+01
2.067768595041322399e+01
2.463636363636363669e+01
2.582644628099173545e+01
2.380991735537190124e+01
1.949586776859504056e+01
1.678512396694214814e+01
1.673553719008264551e+01
1.858677685950413050e+01
2.164462809917355202e+01
2.180165289256198236e+01
2.005785123966942152e+01
1.747933884297520635e+01
1.624793388429752028e+01
1.652066115702479365e+01
1.742148760330578483e+01
1.834710743801652910e+01
1.928925619834710758e+01
2.076859504132231393e+01
2.268595041322313932e+01
2.331404958677686068e+01
2.112396694214876192e+01
1.864462809917355202e+01
1.811570247933884303e+01
2.128099173553718870e+01
2.753719008264462786e+01
3.521487603305784830e+01
3.722314049586776719e+01
3.467768595041322044e+01
2.874380165289256084e+01
2.261983471074380248e+01
2.100000000000000000e+01
2.080991735537190124e+01
2.229752066115702647e+01
2.226446280991735449e+01
2.125619834710743916e+01
2.123140495867768607e+01
2.238842975206611641e+01
2.589256198347107585e+01
3.530578512396694180e+01
4.510743801652892415e+01
5.752066115702479010e+01
6.714876033057851146e+01
5.932231404958677956e+01
3.766942148760330866e+01
2.111570247933884303e+01
2.708264462809917461e+01
6.049586776859504056e+01
1.062396694214876050e+02
1.362892561983471182e+02
1.350000000000000000e+02
9.523140495867768607e+01
5.376859504132231393e+01
3.104132231404958731e+01
3.796694214876033158e+01
5.626446280991735449e+01
6.630578512396694180e+01
5.752066115702479010e+01
4.914876033057851146e+01
4.714049586776859257e+01
5.266115702479338978e+01
5.706611570247933685e+01
5.976033057851239505e+01
1.042231404958677672e+02
1.454628099173553721e+02
1.694297520661156966e+02
1.841983471074380248e+02
1.905454545454545325e+02
1.781818181818181870e+02
9.649586776859504766e+01
1.357520661157024904e+02
2.028429752066115839e+02
2.231487603305785115e+02
2.417933884297520706e+02
2.478347107438016508e+02
2.426280991735537214e+02
2.089008264462810018e+02
8.677685950413223281e+01
1.804297520661156966e+02
2.408181818181818130e+02
2.506363636363636260e+02
2.539338842975206489e+02
2.543801652892561549e+02
2.491157024793388359e+02
2.296115702479338836e+02
1.015537190082644656e+02
2.056694214876033016e+02
2.397355371900826526e+02
2.458760330578512310e+02
2.463884297520661164e+02
2.411900826446280917e+02
2.280991735537189982e+02
2.030826446280991604e+02
1.089586776859504198e+02
1.773636363636363740e+02
1.985537190082644656e+02
1.960165289256198378e+02
1.858595041322313932e+02
1.715123966942148854e+02
1.463140495867768607e+02
8.711570247933883593e+01
7.238842975206611641e+01
7.640495867768595417e+01
7.012396694214875481e+01
5.904132231404958731e+01
4.983471074380165078e+01
4.883471074380165078e+01
4.008264462809917461e+01
3.145454545454545325e+01
3.138016528925619752e+01
5.343801652892562259e+01
8.964462809917355912e+01
1.126694214876033016e+02
1.207107438016528960e+02
9.795867768595041980e+01
5.962809917355372136e+01
2.767768595041322399e+01
2.500000000000000000e+01
4.454545454545454675e+01
6.219834710743801764e+01
6.981818181818181301e+01
6.427272727272726627e+01
4.705785123966941796e+01
3.209917355371900527e+01
2.478512396694214814e+01
2.400826446280991888e+01
2.330578512396694180e+01
2.328099173553718870e+01
2.387603305785123808e+01
2.421487603305785186e+01
2.276033057851239505e+01
2.174380165289256084e+01
2.133884297520661022e+01
2.508264462809917461e+01
3.188429752066115697e+01
3.778512396694215170e+01
3.878512396694215170e+01
3.362809917355372136e+01
2.730578512396694180e+01
2.218181818181818343e+01
2.190909090909091006e+01
2.428925619834710758e+01
2.563636363636363669e+01
2.526446280991735449e+01
2.295867768595041269e+01
2.108264462809917461e+01
2.018181818181818343e+01
1.997520661157024691e+01
2.025619834710743916e+01
2.057851239669421517e+01
2.210743801652892415e+01
2.373553719008264551e+01
2.549586776859504056e+01
2.461983471074380248e+01
2.272727272727272663e+01
2.043801652892561904e+01
2.013223140495867725e+01
2.280991735537190124e+01
2.543801652892561904e+01
2.614049586776859613e+01
2.533057851239669489e+01
2.349586776859504056e+01
2.154545454545454675e+01
2.103305785123966842e+01
2.096694214876033158e+01
2.105785123966942152e+01
2.095041322314049737e+01
2.057024793388429629e+01
2.032231404958677601e+01
1.976859504132231393e+01
1.934710743801652910e+01
2.011570247933884303e+01
2.101652892561983421e+01
