7.028092931532022025e-02
1.213659385140984509e-01
1.117744223164542500e-01
1.299873432923630556e-01
1.327786235697185346e-01
1.386977429348290602e-01
1.435392694724548224e-01
1.425213166556858202e-01
1.509406756683115136e-01
1.587976730224623378e-01
1.752497970152945839e-01
1.653498689670460653e-01
1.568336942825596658e-01
1.625493760795425346e-01
1.541057938477241596e-01
1.866088471253149750e-01
2.060384313074417328e-01
2.189979506466316062e-01
2.341120760332025263e-01
2.299089678550199356e-01
2.057025348671402409e-01
2.270346996547488727e-01
1.999875756667111315e-01
2.058462396178633302e-01
2.253740608291453229e-01
2.328588674851807538e-01
2.491898044846436178e-01
2.611081718560396281e-01
2.500258642631653649e-01
2.475329923194546089e-01
2.720041278083506486e-01
2.579156018147247820e-01
2.558814086428184420e-01
2.870633147983699951e-01
2.733135820320837794e-01
2.906956988341792836e-01
3.118198353123219357e-01
2.870656475828795573e-01
2.906195473437021004e-01
2.816317698699810634e-01
2.546846752254223745e-01
2.593657983706583181e-01
2.504250443253365210e-01
2.792649397265276612e-01
2.707293509541439658e-01
2.583732605238303615e-01
2.897024648882251530e-01
2.736642445106670096e-01
2.499030523844889551e-01
2.376937787565025217e-01
2.305305291179116367e-01
2.177464562128081094e-01
2.432601292023700013e-01
2.562762815414102446e-01
2.610225784193400123e-01
2.350214299571661558e-01
2.101177228212188219e-01
2.123809332926018811e-01
1.836589551677881849e-01
1.983009231737728195e-01
1.930732242017216826e-01
1.942398360033028293e-01
1.793981554949858892e-01
1.766988681009269702e-01
1.775878415316145542e-01
1.659621968202782127e-01
1.640730400273566203e-01
1.704932503607989869e-01
1.665403203932529774e-01
1.441711373080151459e-01
1.359370011266919642e-01
1.347717454448003893e-01
1.473053748985121425e-01
1.511702689191339322e-01
1.618557816287029549e-01
1.824756896507578052e-01
1.524555197791213623e-01
1.511670047938407924e-01
1.557942442525452609e-01
1.528501022052193570e-01
1.524656915253779221e-01
1.578046685288252704e-01
1.712533381958447343e-01
1.785898506861695045e-01
1.841710139520090217e-01
1.830842573062821943e-01
2.054383289910848565e-01
2.008580551157462257e-01
2.198380485859971478e-01
2.232651877271142893e-01
2.323030199546220476e-01
2.421828267584137939e-01
2.429108455574237324e-01
2.570577635695453500e-01
2.567626701557161328e-01
2.653421506811778352e-01
2.646461415513051696e-01
2.934358817288337251e-01
2.901183656713338110e-01
2.741132248065273336e-01
3.014190097674746549e-01
3.167596011448051696e-01
3.294696743584310528e-01
3.497100349840687183e-01
3.974540642004690816e-01
4.067491810303379696e-01
4.232937991740986505e-01
4.297235900089577121e-01
3.990646431642178027e-01
4.151107597109641723e-01
4.044757765295923235e-01
3.629860946790780529e-01
3.783887029157588233e-01
4.030408555754236288e-01
4.297633670914195458e-01
4.359209124497204768e-01
4.484947600529092249e-01
4.148436455620815866e-01
4.180584907601064826e-01
3.995634256725772993e-01
3.910568172113246810e-01
4.005532320376163358e-01
4.035721910525907896e-01
3.895821533806877457e-01
3.991529530209774745e-01
4.045718784102547150e-01
3.754332947726753966e-01
3.454261689190908924e-01
3.236490609442965183e-01
2.978452242990912158e-01
2.886091102902350047e-01
2.733135820320837794e-01
2.691147834350403056e-01
2.695884682374534158e-01
2.959754754407454835e-01
2.769383366375548494e-01
2.748246300494170402e-01
2.381826002225313765e-01
2.768941713046098041e-01
2.520650849394334703e-01
2.379937083081555826e-01
2.436698145491794643e-01
2.528230604000220594e-01
2.607745499861817140e-01
2.331885962398891066e-01
2.371653143803128250e-01
2.411508468345494871e-01
2.400404405066525748e-01
2.712716844350880341e-01
2.981964694091376877e-01
2.817952889235824099e-01
2.845682919602537386e-01
2.600050528984025333e-01
2.709038744718392788e-01
3.462666215154562299e-01
3.229474228270943770e-01
2.761047528566438758e-01
2.615594360014132924e-01
2.955668624880503081e-01
3.296482753270412736e-01
3.399351296106538078e-01
3.586249536495380585e-01
3.729390035663868175e-01
3.833814346418406016e-01
3.787433283090501090e-01
4.175333501036400663e-01
4.247456858651277312e-01
4.221977049415140959e-01
4.722204967860035851e-01
4.926838305356491254e-01
5.174758111910060521e-01
5.429079486143136846e-01
5.700939838116395597e-01
5.674635049367166006e-01
5.874822167024319475e-01
6.577896945038179677e-01
6.426463695966998513e-01
6.253610145068766446e-01
7.045928388733765368e-01
7.823626189632455485e-01
8.079769801678123864e-01
7.784119170944328037e-01
7.921801608340784950e-01
8.496233820679287563e-01
7.758777258980832370e-01
8.067628642961540697e-01
8.190899302956523576e-01
7.878272154613706890e-01
7.762395527229637437e-01
7.871860483916561790e-01
7.833035928783266266e-01
8.066404870624974688e-01
8.444023387292746152e-01
8.385424734661206525e-01
8.235975021626595893e-01
8.060664075517122162e-01
8.537213071689471189e-01
8.896322198676456239e-01
8.799780755850581393e-01
8.722688634087457649e-01
8.646463886070081539e-01
7.832295715649990608e-01
8.360137412728790851e-01
8.469866314906611127e-01
8.551559677998412656e-01
7.675179993116958421e-01
7.387452666032293669e-01
6.912596908346950730e-01
6.895526295789549120e-01
6.514163982358335270e-01
6.660245533481390368e-01
6.103656966193639066e-01
5.819701730869384360e-01
5.959267740461268170e-01
5.584372356987680197e-01
5.373562230919005644e-01
5.295031296481114147e-01
5.905425641997713582e-01
5.547700068177189303e-01
5.082708895085237266e-01
5.315363821000088640e-01
5.140200895832215400e-01
5.351880319179391776e-01
4.560023128857692565e-01
4.535539373250188633e-01
4.640033166868399728e-01
4.683850608505000235e-01
4.425112582657020344e-01
4.634578381148306003e-01
4.618887363537277357e-01
5.028113542866432528e-01
5.060590840647664068e-01
4.977667998831159513e-01
6.125707281470172960e-01
6.155575936934092329e-01
6.376904857814651439e-01
7.039303844038422575e-01
7.869620584206057368e-01
7.917676622250504614e-01
8.551392343520209938e-01
9.547885546821235359e-01
9.573674037646459078e-01
9.503797553334194514e-01
1.020126062190252370e+00
1.000820859582584488e+00
1.041754221534541003e+00
1.190924188024239161e+00
1.145852545239549158e+00
1.289667705747044035e+00
1.254323843754997947e+00
1.280640603682667411e+00
1.400691454159432636e+00
1.493298582275432773e+00
1.441751025257055341e+00
1.550338640637095811e+00
1.530669583749954432e+00
1.516112617357490144e+00
1.526760760030798192e+00
1.614268917624340549e+00
1.647680968380537569e+00
1.648466038213195040e+00
1.751632200561480390e+00
1.721259988224221660e+00
1.759248703487522381e+00
1.753971960574271405e+00
1.908443839851577728e+00
1.888516005235943984e+00
1.758581075429044960e+00
1.850401151535410182e+00
1.955385982326422800e+00
1.955815625888366993e+00
1.792555682828985475e+00
1.837715540740017639e+00
1.843946632485844006e+00
1.939470273008801815e+00
1.816748306538853441e+00
1.818680448657765458e+00
1.918423589529902662e+00
2.080061502035925436e+00
1.982661424929614613e+00
2.085700132563923948e+00
2.050136570221661625e+00
2.140007415898737886e+00
2.087712839504978657e+00
2.114879217313288873e+00
2.015862341375801670e+00
2.154461737005537891e+00
2.071028659725160370e+00
1.980515127183060109e+00
1.912204348728178349e+00
2.030900929193415472e+00
2.006936780960880906e+00
1.855564047663497584e+00
1.832126249720043676e+00
1.923543183916876398e+00
1.836534473852919236e+00
2.006056746367449684e+00
1.936713400157189735e+00
1.960817301597391982e+00
1.938142763696033999e+00
2.152393843218619374e+00
2.087550375519037882e+00
2.263145122269878406e+00
2.336843501452233962e+00
2.369738893018321857e+00
2.381174553630694302e+00
2.573580678967986923e+00
2.663293924199589657e+00
2.782897721139012237e+00
2.935742700436600572e+00
2.906305687177875630e+00
2.945960740210045614e+00
2.976822194652873677e+00
3.086022536802241589e+00
3.245432219252150308e+00
3.518432825954668441e+00
3.467458789771099337e+00
3.532549971448172066e+00
3.658881084113977611e+00
3.805859034417037545e+00
3.889793439453677948e+00
3.891411117694068889e+00
3.947779614776535162e+00
4.154319294106834981e+00
4.013999951555352830e+00
3.814811795515681947e+00
3.751702883969653346e+00
3.862743006847332072e+00
3.623349517973097456e+00
3.196707722598755019e+00
3.565701716745452110e+00
3.372721826497598219e+00
3.339479409118787157e+00
3.231774163202139061e+00
3.077251625819226177e+00
3.164747045624682897e+00
3.414985960751264038e+00
3.157243120372228429e+00
3.027291379854497144e+00
3.296756953733531059e+00
3.102235014529481916e+00
3.355092538146753345e+00
3.287458252697867511e+00
3.041398779764258098e+00
2.860038822184383989e+00
2.892981713755980344e+00
2.882694750558280727e+00
3.043686427400959182e+00
2.856272127238673963e+00
2.699362166923982898e+00
2.935617647840191413e+00
3.196838063179879619e+00
2.785266615012959246e+00
2.832492034283455418e+00
2.695252781589845714e+00
2.633750034253864225e+00
2.383754484504204907e+00
2.406298401348950566e+00
2.378776223474200258e+00
2.400912413959831682e+00
2.181141105133210800e+00
2.209003804275905924e+00
1.953852001590692389e+00
1.796063511330784790e+00
1.931896404874214657e+00
1.865252202892625277e+00
2.078340347778615538e+00
1.722301922594928092e+00
1.566508979710064420e+00
1.709896767876285750e+00
1.950415284228158797e+00
1.773744769594447712e+00
1.608212498015241243e+00
2.061231782674262547e+00
1.480262794237491963e+00
1.528112941045437490e+00
1.334138766895577755e+00
1.250923499181139098e+00
1.051035614400103180e+00
1.324946588875781650e+00
1.255852761784619354e+00
1.413266652308943661e+00
1.466069680366841821e+00
1.641249352596309663e+00
1.662673985080805217e+00
1.971749173249010001e+00
1.678202928791413528e+00
1.738758119679010061e+00
2.021098035305953999e+00
2.048563721258779946e+00
1.843320886067511877e+00
2.025672338072849410e+00
1.697460484731231567e+00
1.853708435109931552e+00
1.740516292006887733e+00
1.700610439042643085e+00
1.755518316531280654e+00
1.832632275854236159e+00
2.038209134057204164e+00
1.742164883975304779e+00
1.782434305798991314e+00
1.915179809320237903e+00
1.856638247350432813e+00
2.230338780108230168e+00
2.117654230354023781e+00
2.283506525340586180e+00
2.458727751580470855e+00
2.477091579773909036e+00
2.711320781210146080e+00
2.683440739732438907e+00
2.772195593136733471e+00
2.993290620709370575e+00
3.115296293634347347e+00
3.205287154385162207e+00
3.252547040013549662e+00
3.325430662244384550e+00
3.735597240697328125e+00
3.430200615271449927e+00
3.738825058348118180e+00
3.559884192749517506e+00
3.714425323095783771e+00
3.894157248098714774e+00
3.989325993725075126e+00
3.743111146054574068e+00
3.791287707610930813e+00
4.093323541478108396e+00
4.122960982813975939e+00
3.987519990420003602e+00
3.890841723105657124e+00
4.229345071634115882e+00
4.083737174401627534e+00
4.258770974017789257e+00
4.232273823976094640e+00
4.197620570142513330e+00
4.246530680083185239e+00
4.382700413301688691e+00
4.329532984073702906e+00
4.484258092267999096e+00
4.453815334633950407e+00
4.521597240299300324e+00
4.648998404060403544e+00
4.485920204353892160e+00
4.582804073883733231e+00
4.484906916566774981e+00
4.591444118328150026e+00
4.563054448769197080e+00
4.583550785730093224e+00
4.548292086026469505e+00
4.679113717426604424e+00
4.545377275374737458e+00
4.809883142425927183e+00
4.762950192717679165e+00
4.655851356153396736e+00
4.695863049257532396e+00
4.697451227043435651e+00
4.706677895124683708e+00
4.598268332054418650e+00
4.484803613636626274e+00
4.512219186140936422e+00
4.442518422675315826e+00
4.532527474300611203e+00
4.567365527066814757e+00
4.512528743680690901e+00
4.586298007294428380e+00
4.484098072339239849e+00
4.552971113679158854e+00
4.461583236091732019e+00
4.525782611251051968e+00
4.584559022816510954e+00
4.586405955811986068e+00
4.617295276366124135e+00
4.720804789318408190e+00
4.620916319529335681e+00
4.675862971634015430e+00
4.616073098203324676e+00
4.786529348077113610e+00
4.770933629087175554e+00
4.698936784855399118e+00
4.748778274140248890e+00
4.789282638444490203e+00
4.801975148112361147e+00
4.754961972917752355e+00
4.752991039526338390e+00
4.705114675077535225e+00
4.738690006750093886e+00
4.631594535034760263e+00
4.692960114115450665e+00
4.656499606458444518e+00
4.751022678738920924e+00
4.769032226514035244e+00
4.788023352278005795e+00
4.796853477801863441e+00
4.803709207830561212e+00
4.782102752811722368e+00
4.836141692676404702e+00
4.808597242742807865e+00
4.782410339849383796e+00
4.838618975269011635e+00
4.843690713130877512e+00
4.768897467349053620e+00
4.810658860393053793e+00
4.860603919955938323e+00
4.863205036483449817e+00
4.880167358578340497e+00
4.958303116117864562e+00
4.863380708535122388e+00
4.870405687441524911e+00
4.908244743305725244e+00
4.985425508588527066e+00
4.994191138910423433e+00
4.943775236788837013e+00
4.903807393942164694e+00
4.935094139637952182e+00
4.977381789788907440e+00
4.960966182596155960e+00
4.984104149192368105e+00
4.951345316489323523e+00
4.960079140567173361e+00
5.089343192119556214e+00
5.042602108189502275e+00
5.094938544621089527e+00
5.078574054255322601e+00
5.056025382811414559e+00
4.994202501065287514e+00
5.093287078050458661e+00
5.028189162240430221e+00
5.007457544225916379e+00
5.020053594069366909e+00
4.980934388766789844e+00
4.939214784038825634e+00
4.951742410063032729e+00
4.976015661895069719e+00
4.918032163396898859e+00
4.884427492054631337e+00
4.929279323837906013e+00
4.925389985616649646e+00
4.963800463756623316e+00
4.894900912922587111e+00
4.909011257938674433e+00
4.896020814113328790e+00
4.899563794655099613e+00
4.823883459034594701e+00
4.770991997315645605e+00
4.820341840937938827e+00
4.800825181697937261e+00
4.821464966454598766e+00
4.758892503457962775e+00
4.704641567565553295e+00
4.728216776787947495e+00
4.661648348287194210e+00
4.697936349610433382e+00
4.677943026563274209e+00
4.709257298543420234e+00
4.712761174356193905e+00
4.686647058870121896e+00
4.693488129146440535e+00
4.686182819520479548e+00
4.784952446897264622e+00
4.855656500072878856e+00
4.865970171271333911e+00
4.939572445846559745e+00
4.980581126673681247e+00
5.074896882261755060e+00
5.105450762101106044e+00
5.213846277263894713e+00
5.172056180356549682e+00
5.179119246405694099e+00
5.170969186128938411e+00
5.204693821866336556e+00
5.166843665897324023e+00
5.178491355275118835e+00
5.150174811502640004e+00
5.111092053786590483e+00
5.149104417338957518e+00
5.185561309247399109e+00
5.149283436432181560e+00
5.172942411750731218e+00
5.207333396448342810e+00
5.158495559571215416e+00
5.142369218304660095e+00
5.134333571724896572e+00
5.137687805450228851e+00
5.112246623836812276e+00
5.174246117866772465e+00
5.163834827533294813e+00
5.246053222749490708e+00
5.191789340760168514e+00
5.168111981646248410e+00
5.125541570333154162e+00
5.081507204952331769e+00
5.132898501170576111e+00
5.164236964472154412e+00
5.120105387692409415e+00
5.094404857856742019e+00
5.115341045023221511e+00
5.093818176512457718e+00
5.198333256561599391e+00
5.124882900164331012e+00
5.133852305095076396e+00
5.135958862984645101e+00
5.098410398372664076e+00
5.045882923204985104e+00
5.076063372012434627e+00
5.025319693480670757e+00
5.025695562661401716e+00
5.025989364023810246e+00
5.092529634300291264e+00
5.147025152304980367e+00
5.181618194242373576e+00
5.129176188466393782e+00
5.135067106772363665e+00
5.086561701495712740e+00
5.073772811084781509e+00
5.003219176835645321e+00
5.018900659727683511e+00
4.915744969971029832e+00
4.875017994865038951e+00
4.853106525070566057e+00
4.933397352246306156e+00
4.941876640080163696e+00
5.017907635862092874e+00
4.934152580622516382e+00
4.888198044216432336e+00
4.864561829616206090e+00
4.824224407628764588e+00
4.796517512863939459e+00
4.839619423093460604e+00
4.731189627412005549e+00
4.809321700151351742e+00
4.815205436061193112e+00
4.893388055265186054e+00
5.040793419807975795e+00
5.047673805062805386e+00
5.073185063774924508e+00
5.182189787145467186e+00
5.239228401327822304e+00
5.349832516399848359e+00
5.400829501563981339e+00
5.425463876920379569e+00
5.331911422732313000e+00
5.425984793747253399e+00
5.408755668097718683e+00
5.375006179747377821e+00
5.273834762140831245e+00
5.264182157054541733e+00
5.261623692457461310e+00
5.321323195525297756e+00
5.241981920442827736e+00
5.185066104489699512e+00
5.192548514295278750e+00
5.172975695022350884e+00
5.100567754541150300e+00
5.139675968596485234e+00
5.176929566163456009e+00
5.147893024043979082e+00
5.187180061957261223e+00
5.207227591968518254e+00
5.243630541713521609e+00
5.247702774646259449e+00
5.272088382155700970e+00
5.268294299515453361e+00
5.222528790367928053e+00
5.266963242927911182e+00
5.227129291377354825e+00
5.260291081954092896e+00
5.232127071400136664e+00
5.309644742099612458e+00
5.284643771929609102e+00
5.249279770955524782e+00
5.237753561906560051e+00
5.234835728459042770e+00
5.188965125543583135e+00
5.220503837292011617e+00
5.238738807812707954e+00
5.251985218794938959e+00
5.264911792973048676e+00
5.254231139113157312e+00
5.258344421090600740e+00
5.284360189408737973e+00
5.262832996490651283e+00
5.225336928948471460e+00
5.213649052548339213e+00
5.136498010212593002e+00
5.139671504373081845e+00
5.155347757041485401e+00
5.218083370301269674e+00
5.187388824371449658e+00
5.168583034531869735e+00
5.207489012846662213e+00
5.133769337734224614e+00
5.143832966940192541e+00
5.141964685715402439e+00
5.175511339284360801e+00
5.142217100786298900e+00
5.160574123278505176e+00
5.167585981523993510e+00
5.206511466813373623e+00
5.205743950452387914e+00
5.186764584465993089e+00
5.150433427860770408e+00
5.173760532221244546e+00
5.099532694942350730e+00
5.061304214224613851e+00
5.031357697956041264e+00
5.063175061683410583e+00
5.079515508166212889e+00
5.071604661519321766e+00
5.038395193727676968e+00
5.061946557883922004e+00
5.075455439172301020e+00
5.174382778534209137e+00
5.198042931175488768e+00
5.306798980492128948e+00
5.303758296426514640e+00
5.303719740063471910e+00
5.255440112162974131e+00
5.232589007081825727e+00
5.242759056022509689e+00
5.362016584791006402e+00
5.388978298732231664e+00
5.448437396297292068e+00
5.458294395044985592e+00
5.420823853252374036e+00
5.506617061469250451e+00
5.543985263121324891e+00
5.534711792319766843e+00
5.508586976359640452e+00
5.474949294044629156e+00
5.489662852669152215e+00
5.455961204412619558e+00
5.486880555910638613e+00
5.467968126368625725e+00
5.501877000644475046e+00
5.466480015573748297e+00
5.422799046512493781e+00
5.387930063588348695e+00
5.385736422708372828e+00
5.261266620919291093e+00
5.187591694659778874e+00
5.214793494144826624e+00
5.234308386925051515e+00
5.276763245141022018e+00
5.249515672596207772e+00
5.226995068416332657e+00
5.236526943274454560e+00
5.173829710727910758e+00
5.212405570728915194e+00
5.199542083158462447e+00
5.195126858197812503e+00
5.180495066342048815e+00
5.201602008652010056e+00
5.162136675334001445e+00
5.216743360136294250e+00
5.245163869109916277e+00
5.330540618830121424e+00
5.331241432307766814e+00
5.314970717968955150e+00
5.294202810324528663e+00
5.345702026760560166e+00
5.408199027515850688e+00
5.487726022399519010e+00
5.451828953242888076e+00
5.452692963316821739e+00
5.443214384251665372e+00
5.455367489712967810e+00
5.419019661047359548e+00
5.417788049429825392e+00
5.416764610294538151e+00
5.390696997372525168e+00
5.365175030280584068e+00
5.351798380754624773e+00
5.330199788622761226e+00
5.310187547292312793e+00
5.298146606695915750e+00
5.255123029297497084e+00
5.190097822405206784e+00
5.195623749665833735e+00
5.173320772356347241e+00
5.128743869131451305e+00
5.167997613143731073e+00
5.151568596718966830e+00
5.070968726259196480e+00
5.069780764431180309e+00
5.049024893163474026e+00
5.027686273438651376e+00
5.046893544288076683e+00
5.132024859035836606e+00
5.155127605795539303e+00
5.159516659238990499e+00
5.152677543396040782e+00
5.232350355172247447e+00
5.250419144637221258e+00
5.244764005911958016e+00
5.242553903582693131e+00
5.271881282343396258e+00
5.250214734580762155e+00
5.235570605288311974e+00
5.205371223713116891e+00
5.214123197241034013e+00
5.245842797305034999e+00
5.310627269286991137e+00
5.278391307664982435e+00
5.323092626892841572e+00
5.261237607457363019e+00
5.312251714165780569e+00
5.293417786663443536e+00
5.294980928128095954e+00
5.259751939184653224e+00
5.250058236353412511e+00
5.242894576197786982e+00
5.231227851400473305e+00
5.242190705723530186e+00
5.249933165996537809e+00
5.260753680052559389e+00
5.275145610894266035e+00
5.274732999633993558e+00
5.315546642929097843e+00
5.262655167802031464e+00
5.211993679730594131e+00
5.181000694504582782e+00
5.195126281533220869e+00
5.097252231028170044e+00
5.159232989477891884e+00
5.201870657130658770e+00
5.236379883192884499e+00
5.224176527393745495e+00
5.239847272209002149e+00
5.126828497726791056e+00
5.152020618534060681e+00
5.138310359439953068e+00
5.169481785946060448e+00
5.086381119291248254e+00
5.146646036441477001e+00
5.094254843511689224e+00
5.062287667107282729e+00
5.071983306125375179e+00
5.090228882009081524e+00
5.039244823929916350e+00
5.033024037019555585e+00
5.026120203366189365e+00
5.020452287522261692e+00
5.107888693730374463e+00
5.078991713292992927e+00
5.098717754301230087e+00
5.069286625198657248e+00
5.084276320856415232e+00
5.130961064653812187e+00
5.177067408658858838e+00
5.220165491168516247e+00
5.179226489350417850e+00
5.183927576126523107e+00
5.170476257969736089e+00
5.194680690640998577e+00
5.210281865469869267e+00
5.244753683856835380e+00
5.215197452939797529e+00
5.181791505683549737e+00
5.172321607123104847e+00
5.219358743507489962e+00
5.258627670653863717e+00
5.267207894591848572e+00
5.178999880811251622e+00
5.131070055988774747e+00
5.154865676396026331e+00
5.229333868479240977e+00
5.257988192661829707e+00
5.240202978387779709e+00
5.206989503721747958e+00
5.270005160173265146e+00
5.272781095912794314e+00
5.267688820366511315e+00
5.253411179713055823e+00
5.101449436833346951e+00
5.277448025689814415e+00
5.262450060969214860e+00
5.141184900819258274e+00
5.088092931430375998e+00
5.021752396955091235e+00
5.017892801380499535e+00
5.042817219280200547e+00
5.097974412255658727e+00
4.995816525392508645e+00
4.974757607293989636e+00
4.872538682410887390e+00
4.980580687928696904e+00
4.954925019484092807e+00
4.967917261789340344e+00
4.995463257395754475e+00
4.979711309578020995e+00
4.986865841806279676e+00
5.110478867055426200e+00
4.994876456439164336e+00
4.956525630421251272e+00
5.003239789037202456e+00
5.138543261881728164e+00
5.081362462825571136e+00
5.050424589374738815e+00
5.055185914561810989e+00
5.065298648195142306e+00
5.230191020451792738e+00
5.231902457725172262e+00
5.199753650265258820e+00
5.179482865777503164e+00
5.214116268675203614e+00
5.263786477161835009e+00
5.234582305467673002e+00
5.165424266470241221e+00
5.151009719724273239e+00
5.195614503556386765e+00
5.145775159853153369e+00
5.204120047935271387e+00
5.144056027047986035e+00
5.099233647825860416e+00
5.104355480787030608e+00
5.123998172110226790e+00
5.178496759302019470e+00
5.249067896933364175e+00
5.268311733800675967e+00
5.302295363807092876e+00
5.356357431795729873e+00
5.394914389755736117e+00
5.411532586835907210e+00
5.425264619879555994e+00
5.427204115613893265e+00
5.406759002089426502e+00
5.403276549001179596e+00
5.445072660651709029e+00
5.413746777352240969e+00
5.387104323385924154e+00
5.398028448833153803e+00
5.406534466044528031e+00
5.449534775098198836e+00
5.447562657039853207e+00
5.506277912801632368e+00
5.558376357630900877e+00
5.524947986660850852e+00
5.529309380038868404e+00
5.568348134718107190e+00
5.586492397612774496e+00
5.587656143783016560e+00
5.591845602511241964e+00
5.562358375678964073e+00
5.572978852045027409e+00
5.573078794205365227e+00
5.589820494611841717e+00
5.610695622338509381e+00
5.580842420675082849e+00
5.582795627243141823e+00
5.623219523738305803e+00
5.629563044217219314e+00
5.623797548570367510e+00
5.660744212711218637e+00
5.647021567372911832e+00
5.663317524551032101e+00
5.666306936446782849e+00
5.666266449389773641e+00
5.668560860902459808e+00
5.650908032943522841e+00
5.614021111211337178e+00
5.587734472212904535e+00
5.622308487228186991e+00
5.639724117379419255e+00
5.592977722106827088e+00
5.525398767118900878e+00
5.534873493481337725e+00
5.543799783353136057e+00
5.566223494555996965e+00
5.564268720982277650e+00
5.550814843291646206e+00
5.583821880588323516e+00
5.599341473188114371e+00
5.562729421973291899e+00
5.537251170754107221e+00
5.476606878726988370e+00
5.506765673256497351e+00
5.509079349818874149e+00
5.495302955791764532e+00
5.475089373264980352e+00
5.509181218887159837e+00
5.445072142822189321e+00
5.452677372554086688e+00
5.426355649607057074e+00
5.435741306608333545e+00
5.410766383893914622e+00
5.358650314787378299e+00
5.410929971735997768e+00
5.397834231896859514e+00
5.195627738444593469e+00
5.206059430426477341e+00
5.066292004406728111e+00
5.190098942897389378e+00
5.266982180567587157e+00
5.168888590725293497e+00
5.146331331669061981e+00
5.131922632205542456e+00
5.059437941452292087e+00
4.999726979386275971e+00
4.934801704610839224e+00
5.011244759462138987e+00
4.972431621556014036e+00
4.971720305204764934e+00
4.974415646911277022e+00
4.865351583600793006e+00
4.858396775303437387e+00
4.871959502210844839e+00
4.635899800400030912e+00
4.678190086309450102e+00
4.731678002251839210e+00
4.685167985639928645e+00
4.442243911037172310e+00
4.349492776980836695e+00
4.052418426134075879e+00
4.360057207662426215e+00
4.410873834505830260e+00
4.344535051499398115e+00
3.794586690752242308e+00
3.689431565758515053e+00
3.809597675321787946e+00
3.640405461325451952e+00
3.371038764692625644e+00
3.304929817019124805e+00
3.334543138123092554e+00
3.375341283868249054e+00
2.984136262785241023e+00
2.723874380412843799e+00
2.795608687655826596e+00
3.215639109517014926e+00
3.066189890473598467e+00
2.654897495166085974e+00
2.455123562034371876e+00
2.505943232758308881e+00
2.528300891905755243e+00
2.342287868275574336e+00
2.371741372177919249e+00
2.302081574824235144e+00
2.241552540356962719e+00
1.933356237540206468e+00
1.729997093156511623e+00
1.702142283868147921e+00
1.760833200526873643e+00
1.607538884840236770e+00
1.415973516139889199e+00
1.390095681671949190e+00
1.418299179772133822e+00
1.401927732943632154e+00
1.279432194387615240e+00
9.635208724800244928e-01
9.720866925730540231e-01
1.100646364013680545e+00
1.007868226494631925e+00
9.279047667266021593e-01
9.217548457315487553e-01
8.824334672793797685e-01
6.911537827738719608e-01
5.894369794889018355e-01
7.195786765186086287e-01
7.359598338873110102e-01
6.066885394623451333e-01
5.906468805415352463e-01
6.023099615057819767e-01
6.427056531308933396e-01
6.979145985236145933e-01
6.716289968128353882e-01
4.877032716848270777e-01
6.088709988078733204e-01
8.405028452326369637e-01
7.194242247880219265e-01
5.790784236397363838e-01
6.181354218297803182e-01
5.709867588815441541e-01
4.550764218942542905e-01
4.194526266857137031e-01
3.928601798293923086e-01
4.860012859963306342e-01
4.837660562616535320e-01
4.698459132011366113e-01
5.443498406163024272e-01
4.978403626427276296e-01
4.639885044400127168e-01
4.183092287761829287e-01
4.420646044896908711e-01
3.959364661578501088e-01
4.153251759576953583e-01
4.711059669034368125e-01
3.674854060151728774e-01
3.469256721357794060e-01
3.799576546575893499e-01
4.096821425546844364e-01
3.562806136881928598e-01
3.950078156384758676e-01
4.491015021747544189e-01
4.247011234649940015e-01
3.920056172599152844e-01
4.146497208298437487e-01
3.526814295468966298e-01
2.667854020087128686e-01
3.665624634569806806e-01
3.747468823831739404e-01
4.054460280825234464e-01
3.433729570629254213e-01
3.020979652672990401e-01
3.191833169006353943e-01
3.526599428538812475e-01
3.661511884548329099e-01
2.931508370509371963e-01
3.249027890849435218e-01
3.217134638556615744e-01
3.315895310405685970e-01
3.497476254646894600e-01
3.451330026395849626e-01
3.333354539152423857e-01
2.509003002251976033e-01
2.587855781540018274e-01
2.972345861524528510e-01
3.462686572379309879e-01
3.099991323689670897e-01
2.829065059813404281e-01
2.748073162541080361e-01
3.087931011875137410e-01
2.955595883771214849e-01
2.337417347006027768e-01
1.975664012301786843e-01
2.646737081156364524e-01
2.168007372810627498e-01
1.877358446267208547e-01
1.962159593457890594e-01
2.149496187608480879e-01
2.028395530705845995e-01
2.093320674005250126e-01
2.451574154098399017e-01
2.659772450106339114e-01
2.196532780800608542e-01
2.253570141622550926e-01
2.539859657275212457e-01
2.448501391908396996e-01
2.172293351886614432e-01
2.002323954569979192e-01
2.261239330050192065e-01
2.028722171723169876e-01
1.886946173673453298e-01
1.878835367101480414e-01
1.919318426980391734e-01
1.868174344315522428e-01
1.877874656097776873e-01
1.887814522068961831e-01
1.911092352263304150e-01
2.109041280666787699e-01
2.492967096918265180e-01
2.170631286362743328e-01
1.930555161784681395e-01
1.866126245329367273e-01
2.032171279378676976e-01
1.824115524675844757e-01
1.634829580210741262e-01
1.611858811068171971e-01
1.550663474011783061e-01
1.453313592361450413e-01
1.467420213922146222e-01
1.491932920349810232e-01
1.786379983251448755e-01
1.970065118867028175e-01
1.977491735473653200e-01
1.622166383438613801e-01
1.657192811744134242e-01
1.644296738554453241e-01
1.637257473217434700e-01
1.632465007144295321e-01
1.560087882436213824e-01
1.367463855944717754e-01
1.302232952496007734e-01
1.410959347018774790e-01
1.323281980579681105e-01
1.439981946491268872e-01
1.306353880465683515e-01
1.411848341743535684e-01
1.479216326537629300e-01
1.624676113946778577e-01
1.346071500973215762e-01
1.574061605252889962e-01
1.840308760713620928e-01
1.595971243047381027e-01
1.209143903925105623e-01
1.280975634980607847e-01
1.472862323350849767e-01
1.307068651131100823e-01
1.329963742454958187e-01
1.462500181450847314e-01
1.354593528690012649e-01
1.315867410660996606e-01
1.560760973780243033e-01
1.430483235813970744e-01
1.552308191211022592e-01
1.699291980407143798e-01
1.669831005688956760e-01
1.567487233130697155e-01
1.762135015199008392e-01
1.630890322321920383e-01
1.492771332428273201e-01
1.564291078298109261e-01
1.461342956881723498e-01
1.480323865945911421e-01
1.658655407379512337e-01
1.764932995672047755e-01
1.718286332124259463e-01
1.781219057491855995e-01
1.709641401203159383e-01
1.807203956339478446e-01
2.051507627624108154e-01
2.012836535691900075e-01
1.958680770828327422e-01
1.955541835674427520e-01
1.867889443860865917e-01
1.733012278198218514e-01
1.590374206529368561e-01
1.675406627952400751e-01
1.618871356099245151e-01
1.784879874938701538e-01
1.551810870871248305e-01
1.756896852651480823e-01
1.702207756249114190e-01
1.731783453927834004e-01
1.713543599377537197e-01
1.934662164085962921e-01
1.907335619621603195e-01
1.966598488594521466e-01
1.911053622708678845e-01
1.877807087610615377e-01
1.670759458674348774e-01
1.799415372530356605e-01
1.630349956728223415e-01
1.552296838642675259e-01
1.483748421207881918e-01
1.429706906248607301e-01
1.318652760044273786e-01
1.650300394944134719e-01
1.443795179846365240e-01
1.529724948801782503e-01
1.457195944936766074e-01
1.523236880351189204e-01
1.524104322781531795e-01
1.689096163530250383e-01
1.489904612887605895e-01
1.638402309332633588e-01
1.425010367744052597e-01
1.262839086035289771e-01
1.335337868145097528e-01
1.322461376862912874e-01
1.312219622222020876e-01
1.351063347039833662e-01
1.360427447231336573e-01
1.211968051193061252e-01
1.343319390601562247e-01
1.452102931169686195e-01
1.362426036289130504e-01
1.283954728803738676e-01
1.486866445487547428e-01
1.416981573376980275e-01
1.320602478692157467e-01
1.485846807718999019e-01
1.504776276317303652e-01
1.415560586054710468e-01
1.444812781792015055e-01
1.429997771137296314e-01
1.333880109874553965e-01
1.547790122016050318e-01
1.542025070196542946e-01
1.406182650300310810e-01
1.670052615224083548e-01
1.472929325152736446e-01
1.500986468940907481e-01
1.587250785788794916e-01
1.583898700158744843e-01
1.607731747226468499e-01
1.558044242436421589e-01
1.711887024076167996e-01
1.508414038536302904e-01
1.619265372110219592e-01
1.521984578965382418e-01
8.889812544401640149e-02
8.930133908488076255e-02
