2.350148767917085735e+01
2.298230826379391800e+01
2.174197358689707471e+01
2.126769919194871150e+01
2.222642717385910061e+01
2.175731040778216041e+01
2.130477477436674860e+01
2.086926494044397984e+01
2.045118473512351898e+01
2.005089897398154974e+01
1.966873545894424780e+01
1.939158893236927739e+01
1.805068912835478656e+01
2.060544285702928136e+01
2.062931183772966648e+01
2.133903712970421296e+01
2.675419922110786430e+01
3.828895837853402639e+01
3.383112880240451403e+01
3.199073327567838732e+01
3.329788121537612966e+01
5.025124207960807610e+01
8.444348183280999365e+01
1.127816299431110707e+02
6.457148916630706026e+01
1.491078912370457488e+02
4.991145382328551250e+02
3.396811626019334085e+02
4.904435360093751228e+02
1.439981656249898379e+02
3.294264175607343645e+02
2.085386914270380601e+02
1.078142411297981624e+02
1.488051201002068069e+02
1.013158757136652071e+02
7.536506322900957855e+01
6.708189656643230592e+01
4.901997014068999903e+01
5.387387948441184449e+01
3.427345505462997721e+01
3.173266042617638405e+01
2.459797876200757472e+01
2.765374711107851624e+01
2.053447529363025126e+01
2.220857425868238977e+01
2.108718844024736327e+01
2.120438214205025318e+01
2.147816348791549856e+01
2.284675822749903418e+01
2.354138331602427670e+01
2.306781896092634909e+01
2.318181327616015253e+01
2.447542362160520923e+01
2.208389110519683740e+01
2.293303865756926996e+01
2.513479646216520536e+01
2.180869903601310256e+01
2.169302624937601109e+01
2.456569691624440921e+01
2.409061673636928447e+01
2.669907724799337956e+01
2.707721836298386719e+01
2.917936226126782984e+01
3.121090448836648434e+01
3.573592293515557117e+01
3.554198542771749914e+01
3.442881623681875425e+01
4.203326246269748623e+01
6.171719178741683010e+01
6.416869386891001170e+01
8.254665398694478995e+01
1.245506457232526571e+02
1.348131438604086441e+02
1.968387878398990836e+02
3.832220257201362301e+02
5.623435506480393542e+02
1.064972631193031020e+03
1.191064029085596303e+03
4.480695287866711624e+03
1.360713577142205168e+03
1.308666569751944280e+03
1.511042334348409213e+03
7.193327685547025112e+02
9.771036577351626420e+02
6.595129786540438772e+02
3.864080380652443409e+02
2.322152488560162169e+02
1.299555971568412929e+02
9.070628699917406834e+01
8.780375008540461579e+01
7.534184829483230317e+01
6.367915982352725024e+01
5.943020996870729533e+01
5.467335207489953319e+01
4.764220443537310246e+01
4.328804974226043356e+01
3.949619929836958931e+01
4.248175905977324618e+01
3.953508793361568507e+01
3.694088114056462757e+01
3.623280037830763689e+01
3.591848726397758185e+01
3.537899088256063607e+01
3.458304281288972248e+01
3.382355989155205123e+01
3.321008344987925653e+01
3.143550636689750633e+01
3.371122825609938900e+01
3.613812671272292221e+01
3.623699269819534408e+01
3.562027930771498774e+01
3.534745087386656337e+01
3.588467329661346383e+01
3.600525850208261858e+01
3.904389546858394056e+01
4.103560470878134936e+01
4.852053096148423350e+01
5.989434554056713722e+01
7.038558153446740562e+01
6.748369584200814586e+01
1.039162132324490102e+02
1.240101446672286585e+02
2.076953212273875522e+02
2.278701061264858652e+02
2.501291989244784872e+03
5.883315801799591327e+02
5.564528050987535153e+02
4.324015727473284869e+02
3.581766848545048560e+02
2.057113058240611281e+02
1.335800610745243944e+02
6.427396151129494228e+01
4.369427082105871563e+01
3.974804580894514316e+01
3.478145930094024862e+01
3.184327353401173966e+01
2.852815271937226882e+01
2.642182548566130151e+01
2.463863687080545617e+01
2.440548579413085761e+01
2.305680538562741688e+01
2.281710235211387428e+01
2.331889619916014311e+01
2.284071089714820957e+01
2.388673067960310092e+01
2.573669133741493198e+01
2.759615861482506816e+01
2.924067481441490557e+01
3.027844489819253582e+01
3.178172123389412818e+01
3.347806591666092402e+01
3.485033044130573643e+01
3.569690991670488245e+01
3.737804323205785550e+01
3.854280709687271411e+01
3.933468708130124725e+01
4.055892120119516164e+01
4.285528157968247598e+01
4.527600989814144583e+01
4.785459095142742569e+01
4.999259221458294888e+01
5.171547648386675178e+01
5.418521646883657183e+01
5.754264823155579478e+01
6.120420315643103493e+01
6.352517276849837202e+01
6.597935993990945747e+01
6.677261003131484074e+01
6.581782626747123288e+01
6.662375390024816113e+01
6.928426452463588703e+01
7.112729216505319130e+01
7.304887875776532269e+01
7.300548013546072923e+01
7.398451073450146964e+01
7.294507664296547489e+01
7.095898820228910608e+01
7.095134521481601553e+01
6.999552724894597588e+01
7.000541641539659565e+01
6.816226188427765464e+01
6.728335446285109356e+01
6.822420844122346750e+01
6.826794711646525116e+01
6.924438147943062916e+01
6.838076393408324805e+01
6.577249031387242439e+01
6.584686697501531683e+01
6.597692928544252311e+01
6.520222439398294512e+01
6.119505415756389510e+01
5.828815338224407583e+01
5.623867107385976993e+01
5.363625744603290713e+01
5.059711281898122337e+01
4.952761126474803888e+01
4.790070154103049305e+01
4.430746588918205475e+01
4.244992860358683373e+01
4.256184194691142864e+01
4.081550527054865540e+01
3.961044656052244051e+01
3.927985636361913890e+01
3.888712517025424376e+01
3.704070727703216193e+01
3.527225231135130201e+01
3.322583140111321143e+01
3.094627243445601295e+01
2.845228857587337146e+01
2.587190088759840734e+01
2.353322410962348243e+01
2.304319289558225492e+01
2.329134339569074186e+01
2.353374129812499760e+01
2.373315930233421156e+01
2.355410639479766388e+01
2.348818135119847739e+01
2.438612765546227834e+01
2.532401576054130388e+01
3.118925979356369282e+01
3.702345726067711951e+01
6.363867190618478986e+01
1.191096970230659480e+02
1.782101257740126528e+02
1.778115020311571470e+03
2.219942955060747408e+03
1.027929971108856307e+03
2.971357643197738412e+02
1.579970967000402595e+02
8.161216892347870555e+01
6.282126067883640985e+01
5.007255643724482752e+01
4.819417292971665034e+01
4.277259787649454381e+01
4.169512817197929166e+01
3.700938243749982348e+01
3.357892447887046927e+01
3.219360168427846247e+01
3.067220898493060588e+01
3.026234892508739449e+01
3.034996618074013242e+01
2.959005627256314241e+01
2.867782664398158232e+01
2.867427459502096454e+01
2.851385512048520354e+01
2.814338790902570864e+01
2.699464571527840562e+01
2.780072372870595032e+01
2.786212034725851794e+01
2.780059918766171734e+01
2.791696438691771576e+01
2.755145152070767978e+01
2.836227828885554203e+01
2.877498814189405607e+01
2.827924223235145362e+01
2.836565206905822478e+01
2.987512325402549962e+01
3.061739355473724089e+01
3.174114759664887586e+01
3.252007128876247322e+01
3.263075232711620544e+01
3.169053796756134034e+01
3.420047065659390739e+01
3.599881297799496593e+01
3.715285121429847237e+01
4.086794138231480389e+01
3.922873544445474892e+01
4.560049133646621300e+01
5.599275861194144710e+01
5.751339586735898735e+01
6.956615558062746629e+01
1.110243714643887643e+02
1.276040467796285895e+02
2.305047292719382028e+02
3.824441081514559073e+02
4.226095257290692757e+02
6.820225324927185966e+02
2.415835396037346072e+02
1.780079579434046764e+02
9.483501283017321271e+01
1.370108260574728831e+02
5.678416384817530371e+01
4.465158056423745592e+01
4.081134650340686676e+01
3.833141253108825453e+01
3.811897598874446658e+01
3.042388794684989861e+01
3.187138266842358902e+01
3.079114248383572772e+01
2.642184779156566066e+01
2.366692887478159690e+01
2.342684311998571900e+01
2.256116939277519151e+01
2.340404998647868240e+01
2.208687732289151384e+01
2.089158938209627081e+01
2.033474476723000635e+01
1.900119835390907852e+01
1.822361715273418881e+01
1.788633935847547463e+01
1.791342746322060009e+01
1.662367411481490720e+01
1.706194762499566764e+01
1.678609342627805745e+01
1.602282062219694936e+01
1.474683211353532108e+01
1.494738412709630460e+01
1.313940140341750684e+01
1.176032673304993104e+01
1.155448979231081452e+01
1.072372534822940260e+01
9.464107474302347001e+00
7.403182169956948222e+00
6.183887630332202789e+00
4.971593364961430339e+00
2.296436869848256013e+00
1.394543340111261687e-01
9.241160822533450725e-01
7.292892301295291979e+00
1.449132986858347216e+01
7.420311722143249256e+01
3.990487862976862061e+02
5.988645213676328467e+02
1.710715367310928514e+03
6.336115685932783890e+03
1.288274077475711238e+03
1.185533697814573998e+03
1.129998702722152757e+03
5.981115036117403605e+01
8.205812361586524162e+00
1.951024812813793119e+01
5.825321185389699119e-01
6.082912874345418608e+00
1.196814049050252393e+01
7.609458002177721170e+00
3.527774616096436500e+00
6.771761357055603447e+00
1.326511041479067110e+01
1.823622405462029761e+01
2.186448573887490809e+01
2.048070301793747561e+01
1.656995333864336217e+01
1.393663243715493394e+01
1.300687544310471289e+01
1.282390887172496718e+01
1.335526330936552064e+01
1.411942842752926808e+01
1.464002342266948808e+01
1.474907254845266102e+01
1.443100641896355008e+01
1.454577426962754316e+01
1.495465785652284652e+01
1.619765622031473384e+01
1.808927521214223333e+01
2.027260436317177650e+01
2.331728426429243228e+01
2.366477584377883403e+01
2.136134624281212169e+01
1.804753465917110944e+01
1.519790598355518263e+01
1.611154222051899154e+01
2.011912700067891535e+01
2.186948926750416078e+01
1.835020467926277732e+01
1.618632611088713347e+01
1.979495442844845954e+01
2.262810575433534055e+01
2.041544668625059700e+01
2.006370944334513950e+01
3.555823592277928924e+01
3.237806330011767386e+01
8.445775675961392892e+01
3.528701989405930561e+01
3.858851213594157343e+02
2.992856530357750557e+02
1.301479925023278099e+02
8.320527616789152603e+01
5.140273258616664975e+01
3.945904329764551477e+01
3.512587822251915526e+01
3.120053940275190385e+01
2.774713646760305252e+01
2.714718910766065108e+01
2.648477586779813109e+01
2.982471241521910699e+01
3.817065059886520118e+01
5.260902451238982280e+01
7.008780704426069974e+01
9.040105460889549249e+01
1.275199579810071100e+02
1.853181786279390622e+02
2.288391051207712508e+02
2.773440147949283983e+02
3.050150127274643523e+02
3.616997008712228308e+02
4.346579985703529019e+02
5.149930630056225027e+02
7.318268917433531442e+02
8.111945337002587166e+02
9.431674178798206185e+02
1.681255334520316865e+03
3.010894583732680985e+03
4.306705554652476167e+03
9.387493949138377502e+03
1.608827302325579330e+04
4.261709603599306138e+04
5.552294403129118291e+04
7.535500077977729961e+04
7.501011597168154549e+04
1.076236976186890533e+05
1.674916268180123297e+05
1.665386309886439703e+05
2.946694469782864326e+05
2.927732083130105166e+05
2.907795772168530966e+05
6.504376850706585683e+05
6.455267074847312178e+05
6.404137370568634942e+05
6.351055078393197618e+05
2.521914898577242158e+06
2.499192263790356461e+06
2.475779543378570117e+06
2.451710556637749542e+06
2.427020630762041081e+06
2.401746506355963647e+06
5.507649271632877935e+04
5.446663374723544257e+04
5.384596581921909092e+04
5.730670973698624875e+05
2.512656531080834975e+05
2.240043404218045529e+06
2.450326433088030317e+05
8.681543929004775418e+04
2.628355691140869021e+04
2.097107459682114131e+04
1.706758212213267325e+04
1.201243069051151542e+04
1.019486306557158969e+04
1.004809072044362620e+04
9.901645628165202652e+03
1.133229669861674302e+04
9.610631518619422422e+03
1.325549307542552015e+04
1.558971391573366782e+04
7.146374039013456240e+03
1.496896918778247255e+03
6.088082376871005863e+02
3.883747140663070923e+02
2.191462620945842446e+02
1.536990196126128296e+02
1.272550022828659309e+02
1.085088379260791100e+02
9.871373760122953911e+01
8.401482198048856276e+01
6.141474522009746551e+01
4.532405539985612108e+01
3.675194095306252962e+01
2.848223057323443541e+01
2.168419316389901752e+01
1.723372093524774229e+01
1.237191307810851626e+01
7.353010972084513597e+00
4.741060909170439430e+00
2.691619284814581015e+00
8.188150585273968884e-01
4.478784265997397956e-02
3.748052137957586183e+00
1.932924388082748024e+01
1.165504288706589904e+02
7.393126404117274433e+02
5.280958781857376380e+03
1.051106900019995555e+04
2.024417700171576507e+04
5.313360902633006481e+04
5.379232258003656170e+03
4.600648180232384448e+02
1.369776409648718811e+02
5.440526294658786810e+01
1.677062781069157538e+01
4.597218669185648032e+00
5.505268755933139246e-01
1.391889106257302236e-02
3.199327872795844074e-01
1.074741381138176743e+00
1.846314818613128628e+00
2.022609636878253347e+00
2.449348992630707933e+00
2.801611923966785156e+00
3.567378926324460409e+00
4.358553693095571724e+00
4.365130501636772742e+00
4.380594630404061718e+00
4.642910470876261186e+00
4.757752974564080972e+00
4.920470041215168067e+00
5.016197391225527547e+00
4.611959538618013887e+00
4.588489151125373589e+00
4.902934599401592486e+00
4.993886895260793324e+00
4.976945811297659006e+00
4.782205490948260973e+00
4.562366953328649721e+00
3.871603162253270281e+00
3.370046506245082618e+00
3.773300976389837746e+00
3.536963264106259164e+00
2.856712006158983019e+00
2.480182762974342481e+00
1.901504973734519988e+00
1.360460805360196090e+00
8.056319263819451404e-01
2.668437876236293693e-01
1.130169062212387637e-02
2.258772110317517345e-01
7.761458346429774835e-01
3.644834236825258866e+00
2.268790746455419338e+01
5.823045393718430063e+01
1.904585671657297041e+02
5.891327093751517623e+02
6.285611543088058397e+02
1.968843911658580907e+02
5.065970251470028529e+02
6.446004230003766224e+02
2.151184719658669475e-01
2.414210476367225056e+01
3.403271977756535449e+01
2.467326425877529417e+01
2.939827229432207645e+01
3.000354296275391874e+01
2.820793864491092506e+01
2.729580635732810379e+01
2.633182460609328501e+01
2.230949998911468768e+01
2.334259928324922839e+01
2.287748556190863525e+01
2.064270209130695832e+01
2.064854080921526958e+01
4.579776928248762147e+00
3.681279084719963901e+00
2.778474793571930501e+00
2.217743255241686029e+00
1.739852008173617071e+00
1.676907252237355150e+00
1.893337112888918261e+00
1.954536324373016498e+00
1.689676115208626817e+00
1.249555270474987712e+00
5.857347459481885288e-01
1.348431726632145500e-01
1.010307449168968974e-01
3.953480276784041708e-02
1.394518793469696982e+00
1.086494194814883407e+01
7.986417336466078609e+01
5.248840339112726951e+02
4.598950528799912831e+02
1.537530644245182714e+02
3.471494041835170208e+01
1.322541672711049898e+01
4.414072477329336053e+00
1.258650722059176497e+00
2.451376975877240794e-01
3.571203394483471287e-03
2.760327603268932992e-02
2.947183678164822657e-02
1.060255612399133018e-01
1.435062091530847628e-01
1.234071876345697177e-01
1.573324056170206930e-01
2.375957152267953731e-01
3.173793002575388544e-01
3.613757765845999059e-01
4.625905841788873207e-01
7.389152597090632435e-01
1.063312506918832057e+00
1.465120048854642087e+00
1.880596578515187467e+00
1.951523483057534092e+00
1.878161832030970979e+00
1.624803865682788562e+00
1.487591375461021048e+00
1.413538992864305399e+00
1.401716947292949822e+00
1.513017422738726303e+00
1.686073181402983900e+00
1.923314196102613449e+00
2.130014713730668419e+00
2.222242484646304916e+00
2.214929590648759827e+00
2.171980422880239292e+00
2.160920092824971217e+00
2.324807344801142150e+00
2.599326393751181907e+00
2.863498168553985312e+00
3.069516137467697803e+00
3.503439650922530735e+00
4.108678044702191556e+00
4.738747063500619916e+00
5.459351947547440354e+00
6.300359074128465409e+00
7.001381763287299442e+00
8.220350650324590447e+00
9.647680465657094473e+00
1.132517588977808565e+01
1.250524790585504320e+01
1.270448069308704930e+01
1.213372625343667366e+01
1.123015821935527647e+01
1.115640280562392306e+01
1.138458571613563741e+01
1.244239162664072751e+01
1.320260659949422255e+01
1.433346216042165366e+01
1.447941130352963235e+01
1.495524666688393189e+01
1.533874610881286493e+01
1.446576877241959203e+01
1.316132709432490877e+01
1.167893389504973278e+01
1.047228350720775047e+01
9.317490416695418887e+00
7.960894923979444648e+00
7.232459894606368955e+00
6.593139840693715392e+00
6.421400414242701693e+00
6.702965155449169821e+00
6.585348450331118819e+00
6.035603140050201709e+00
5.977179014513973598e+00
5.670272536009579589e+00
5.264770038869912128e+00
4.689757620376191483e+00
4.227225379680858985e+00
4.206144455210733213e+00
3.959528885106558427e+00
3.491207819646525490e+00
3.025997268653046302e+00
2.735249570560093879e+00
2.538612884825272697e+00
2.206569369691393945e+00
2.000461655119543103e+00
2.074642443714445506e+00
2.162649683529779487e+00
2.109060103493265448e+00
2.090980007687804676e+00
2.151594491362375905e+00
2.818063435260906413e+00
4.287730019271179138e+00
5.782870540385166791e+00
7.707908538561227374e+00
1.036178226366973654e+01
1.059408605659797864e+01
1.692151849414224074e+01
2.822813263969943165e+01
3.490302837013851445e+01
7.495079103063309844e+01
9.381389823580427390e+01
8.470830804070622833e+01
9.254394271150860618e+01
5.400650304722320527e+01
3.195265021075476497e+01
2.197421352768648717e+01
1.287827053143887213e+01
9.530592638393095228e+00
7.697628269407854162e+00
6.596957103515475040e+00
6.297345905841992497e+00
5.998976769050468505e+00
6.292745764645959916e+00
5.725119314545547233e+00
5.335209198373905615e+00
5.290313376823170266e+00
4.910514169965336073e+00
4.909437844292772191e+00
4.508274155899719027e+00
3.795397927735780552e+00
3.577191644995424635e+00
3.760268140162557948e+00
4.167197745648873131e+00
4.860204626486135382e+00
4.678634530255433077e+00
3.624913446344004697e+00
3.225507908661281675e+00
3.414504983393907178e+00
3.901921126609249058e+00
4.089574699602540164e+00
3.679531758328122404e+00
3.351841214218773235e+00
3.164980869072193226e+00
3.147295156787603521e+00
3.258172174770610052e+00
3.384415505063647966e+00
3.349798976348204782e+00
3.553286305784757904e+00
4.509018721545468011e+00
4.375385774402879235e+00
3.755653578053999020e+00
2.983543914378286033e+00
3.947778187398103267e+00
5.018357681262682668e+00
3.667380320422970907e+00
2.958602672119870380e+00
1.854363956064941990e-02
6.174630752426942593e+00
3.352192967421218839e+01
7.640939623465514785e+01
1.758755444841903071e+01
3.801485114972177115e+00
2.550242081787251536e+01
2.698710563324476297e+01
1.505068883700760640e+00
1.542058263977246435e+00
1.542326860433720359e+00
8.451114795842104566e-02
2.292784812159499030e-01
3.653446529848811825e-03
4.058427705779332068e-02
2.249406847108129104e-01
2.695520472055106809e-01
1.013903694042384300e-04
7.303861064255622558e-03
2.781332537578600217e-01
2.902987008618671538e-01
2.004387538999158891e-01
2.041298023397499981e-02
1.055962740881835615e-02
5.698723530258136688e-02
1.634363020718357096e-01
3.599180953274063594e-02
2.307127757916591825e-06
2.995440277510994041e-03
4.037315648899034853e-03
5.262961482887392427e-03
1.343653533342758499e-01
7.860315351490345659e-01
2.918784705878601504e-01
1.757947240367647157e-01
9.095530757357378482e-01
1.355623296144846446e+00
1.573639738611839034e+00
3.691193899651586285e+00
5.391249575697241170e+00
4.913124737939926767e+00
1.199049722116389383e+01
2.808669973004699472e+01
4.579179617939292513e+01
7.445022107634271435e+01
7.284102479766653460e+01
1.466944933221181486e+02
6.916500646060329700e+02
2.679189402890056044e+03
1.213171852025850058e+03
3.230708807150504981e+03
6.472609588057536712e+03
6.210305972175261559e+03
1.184662646089628879e+03
5.654896224299648566e+03
4.630909925182398183e+03
5.955125668448075658e+02
3.024205371275395464e+02
9.926216464896815239e+01
2.451849610128597234e+01
1.516690678207792864e+01
8.186520266420702185e+00
2.680642532420705493e+00
1.992343284403802706e+00
9.412337450530465777e-01
1.411428324397252243e-01
3.428131547752461677e-02
2.287562274569826005e-03
2.107952295095462114e-01
3.969367825723440490e-01
4.960851027017907922e-01
5.863826712417622433e-01
7.720364866388930158e-01
1.064746117122790769e+00
1.116675682530911207e+00
1.422400576126661820e+00
2.083022681537591403e+00
2.288196684090403110e+00
2.024943115279354444e+00
2.290155618864638143e+00
2.373973377853358713e+00
2.623645951374327545e+00
2.770829439899521240e+00
3.470531400473643391e+00
3.413581167427925500e+00
3.461241111461784481e+00
4.214856287082043629e+00
4.487823848780311486e+00
5.056126945575142528e+00
7.145471750219889451e+00
9.768708833960628724e+00
8.960597892388792118e+00
1.206803899801317570e+01
1.429038541139398966e+01
2.590730835294626644e+01
6.767174534071985192e+01
1.517295415837643873e+02
1.549983752400861704e+03
1.566272672715098452e+03
7.743222770923362077e+02
5.046593254967752955e+02
7.970762351530815977e+02
1.826610127899245697e+02
9.828430761292943885e+01
5.540883955189911347e+01
3.596030320867028962e+01
2.238604219383280736e+01
1.732529306700296345e+01
1.247430771979135855e+01
9.292520035910825982e+00
7.880775923345678891e+00
6.347502405398217640e+00
5.680169207282061095e+00
5.362021961529867653e+00
4.769380032594964014e+00
4.660851354532069557e+00
4.267787855520293938e+00
4.143955037645262962e+00
3.913156857793477883e+00
3.678419740672335791e+00
3.886823203933886361e+00
3.919082653285622886e+00
3.983334599358439920e+00
4.138198553044608374e+00
4.065397559854713627e+00
4.189914407878984726e+00
4.077007566664300420e+00
4.295995403706800886e+00
4.432150349399580413e+00
4.721558133534014878e+00
4.828699907122444124e+00
5.007553497953778354e+00
5.263725814512087098e+00
5.245889059388062492e+00
5.167464930673911105e+00
5.165559816535177262e+00
5.241589339090018562e+00
5.336558005622336509e+00
5.645936945169236942e+00
5.712706563999423004e+00
5.905180237231542506e+00
6.081600404302699658e+00
6.096568303195313732e+00
6.076050321979211688e+00
5.892720334031970708e+00
5.827629022193503872e+00
5.597723717278816125e+00
5.640216235089318353e+00
5.681145029815485969e+00
5.683965948287136527e+00
5.703837887313793154e+00
5.569081930892735954e+00
5.575675813724883412e+00
5.373687074780689521e+00
5.102424858821871467e+00
4.837976583453587942e+00
4.616381168554001491e+00
4.525237662273063677e+00
4.247512364243508642e+00
4.070122048079350741e+00
3.803695914697382108e+00
3.526266606218657174e+00
3.535954576893189927e+00
3.421651527086744693e+00
3.074498003033151683e+00
2.853180331492753741e+00
2.553970072830042515e+00
2.406326559348813898e+00
2.246978203275905805e+00
2.106876184883034853e+00
2.052022638814684719e+00
1.905654255828755028e+00
1.751660332253095698e+00
1.731661411349864510e+00
1.735611713439541681e+00
1.589409728378695208e+00
1.540767824405331998e+00
1.634484057785025701e+00
1.608512824255871054e+00
1.746926722540739885e+00
1.610645269689863879e+00
1.618363181636286230e+00
1.539449025816474359e+00
1.275910709352095163e+00
1.156430632300050387e+00
1.576627842925004463e+00
1.528972466541642650e+00
1.466547694110818867e+00
1.482191762038749916e+00
1.360331179008858138e+00
1.184950809262892202e+00
8.792048804518807215e-01
5.333238331484627670e-01
2.975588438666789681e-01
8.902360067542508526e-02
5.238722671571099249e-02
6.148864067394073096e-01
1.142334034352811695e-01
2.899745364608393716e-01
4.582064561534386106e-03
3.072871429808365362e-01
1.425340411181241107e+00
1.358017039855848873e+00
1.034331399708312915e+01
1.555436074565628779e+01
2.431426398032721181e+01
3.732737859663454572e+01
2.753919183045621111e+01
5.723184174212310893e+01
5.640626374195971948e+01
1.575846605620337471e+01
1.152779590683564948e+01
1.352097115533389982e+01
1.200886396946766332e+01
1.099864583974998666e+01
1.158897175626905884e+01
8.960932712182781756e+00
7.168617973199947535e+00
8.580113736271302471e+00
6.010269882189024138e+00
6.186753211093552807e+00
6.794155638211421433e+00
8.734271989903472644e+00
7.325764261077702066e+00
7.005395083022390779e+00
8.583186458884911829e+00
1.330171063666457876e+01
1.461548563833585668e+01
1.652092201328066423e+01
1.782851804661635242e+01
1.880261509191858238e+01
2.646860183748949424e+01
2.557970936282233154e+01
3.878331174524122105e+01
6.318204448071765000e+01
7.264943313650444168e+01
8.437212024256255916e+01
1.702010247803901848e+02
6.204283763539784786e+02
5.540924491920120545e+02
5.391080184256793473e+02
6.309273993778801923e+02
6.694341219117893615e+02
1.508756823056144185e+03
2.635064212717671580e+03
1.958410442998874487e+03
1.753775750606621614e+03
3.051651531442511441e+03
2.068318686878559220e+03
3.313291078988479512e+03
2.396058249930069451e+03
1.766651679332654567e+03
2.549471602727896880e+03
2.250931788903780216e+03
2.510025413388304059e+03
4.543786636634365095e+03
2.805180793887156142e+03
1.142783700250196262e+03
8.221944773285058545e+02
1.307887649064653260e+03
9.021811196531774613e+02
1.334728290633308688e+03
7.294406374474010590e+02
3.653149704828708764e+02
5.000048903822105331e+02
4.078611412373756480e+02
