0
8.2301
16.46
24.69
32.92
41.151
49.381
57.611
65.841
74.071
82.301
90.531
98.761
106.99
115.22
123.45
131.68
139.91
148.14
156.37
164.6
172.83
181.06
189.29
197.52
205.75
213.98
222.21
230.44
238.67
246.9
255.13
263.36
271.59
279.82
288.05
296.28
304.51
312.74
320.97
329.2
337.43
345.67
353.9
362.13
370.36
378.59
386.82
395.05
403.28
411.51
419.74
427.97
436.2
444.43
452.66
460.89
469.12
477.35
485.58
493.81
502.04
510.27
518.5
526.73
534.96
543.19
551.42
559.65
567.88
576.11
584.34
592.57
600.8
609.03
617.26
625.49
633.72
641.95
650.18
658.41
666.64
674.87
683.1
691.33
699.56
707.79
716.02
724.25
732.48
740.71
748.94
757.17
765.4
773.63
781.86
790.09
798.32
806.55
814.78
823.01
831.24
839.47
847.7
855.93
864.16
872.39
880.62
888.85
897.08
905.31
913.54
921.77
930
938.23
946.46
954.69
962.92
971.15
979.38
987.61
995.84
1004.1
1012.3
1020.5
1028.8
1037
1045.2
1053.5
1061.7
1069.9
1078.1
1086.4
1094.6
1102.8
1111.1
1119.3
1127.5
1135.8
1144
1152.2
1160.4
1168.7
1176.9
1185.1
1193.4
1201.6
1209.8
1218.1
1226.3
1234.5
1242.7
1251
1259.2
1267.4
1275.7
1283.9
1292.1
1300.4
1308.6
1316.8
1325
1333.3
1341.5
1349.7
1358
1366.2
1374.4
1382.7
1390.9
1399.1
1407.4
1415.6
1423.8
1432
1440.3
1448.5
1456.7
1465
1473.2
1481.4
1489.7
1497.9
1506.1
1514.3
1522.6
1530.8
1539
1547.3
1555.5
1563.7
1572
1580.2
1588.4
1596.6
1604.9
1613.1
1621.3
1629.6
1637.8
