1.424242424242424310e+00
1.424242424242424310e+00
1.181818181818181879e+00
1.545454545454545414e+00
1.484848484848484862e+00
1.333333333333333259e+00
1.424242424242424310e+00
1.393939393939394034e+00
1.454545454545454586e+00
1.575757575757575690e+00
1.727272727272727293e+00
1.545454545454545414e+00
1.303030303030302983e+00
1.515151515151515138e+00
1.484848484848484862e+00
1.666666666666666741e+00
1.696969696969697017e+00
1.424242424242424310e+00
1.575757575757575690e+00
1.424242424242424310e+00
1.575757575757575690e+00
1.696969696969697017e+00
1.606060606060605966e+00
1.484848484848484862e+00
1.878787878787878896e+00
1.636363636363636465e+00
1.545454545454545414e+00
1.272727272727272707e+00
1.575757575757575690e+00
1.363636363636363535e+00
1.424242424242424310e+00
1.454545454545454586e+00
1.606060606060605966e+00
1.575757575757575690e+00
1.848484848484848397e+00
1.606060606060605966e+00
1.484848484848484862e+00
1.363636363636363535e+00
1.575757575757575690e+00
1.151515151515151603e+00
1.545454545454545414e+00
1.484848484848484862e+00
1.545454545454545414e+00
1.484848484848484862e+00
1.545454545454545414e+00
1.484848484848484862e+00
1.727272727272727293e+00
1.575757575757575690e+00
1.393939393939394034e+00
1.545454545454545414e+00
1.606060606060605966e+00
1.484848484848484862e+00
1.454545454545454586e+00
1.424242424242424310e+00
1.575757575757575690e+00
1.575757575757575690e+00
1.606060606060605966e+00
1.545454545454545414e+00
1.757575757575757569e+00
1.606060606060605966e+00
1.757575757575757569e+00
1.303030303030302983e+00
1.454545454545454586e+00
1.515151515151515138e+00
1.666666666666666741e+00
1.272727272727272707e+00
1.333333333333333259e+00
1.515151515151515138e+00
1.606060606060605966e+00
1.636363636363636465e+00
1.545454545454545414e+00
1.727272727272727293e+00
1.606060606060605966e+00
1.515151515151515138e+00
1.515151515151515138e+00
1.636363636363636465e+00
1.515151515151515138e+00
1.424242424242424310e+00
1.515151515151515138e+00
1.484848484848484862e+00
1.393939393939394034e+00
1.696969696969697017e+00
1.787878787878787845e+00
1.636363636363636465e+00
1.606060606060605966e+00
1.515151515151515138e+00
1.727272727272727293e+00
1.757575757575757569e+00
1.848484848484848397e+00
1.545454545454545414e+00
1.696969696969697017e+00
1.454545454545454586e+00
1.696969696969697017e+00
1.636363636363636465e+00
1.272727272727272707e+00
1.757575757575757569e+00
1.545454545454545414e+00
1.363636363636363535e+00
1.818181818181818121e+00
1.454545454545454586e+00
1.696969696969697017e+00
1.575757575757575690e+00
1.666666666666666741e+00
1.666666666666666741e+00
1.818181818181818121e+00
1.787878787878787845e+00
1.909090909090909172e+00
1.818181818181818121e+00
1.848484848484848397e+00
1.666666666666666741e+00
1.696969696969697017e+00
1.606060606060605966e+00
1.666666666666666741e+00
1.606060606060605966e+00
1.787878787878787845e+00
1.606060606060605966e+00
1.575757575757575690e+00
1.606060606060605966e+00
1.636363636363636465e+00
1.575757575757575690e+00
1.666666666666666741e+00
1.606060606060605966e+00
1.727272727272727293e+00
1.666666666666666741e+00
1.787878787878787845e+00
1.636363636363636465e+00
1.515151515151515138e+00
1.696969696969697017e+00
1.696969696969697017e+00
1.757575757575757569e+00
1.696969696969697017e+00
1.484848484848484862e+00
1.696969696969697017e+00
1.515151515151515138e+00
1.727272727272727293e+00
1.757575757575757569e+00
1.636363636363636465e+00
1.787878787878787845e+00
1.575757575757575690e+00
1.636363636363636465e+00
1.515151515151515138e+00
1.606060606060605966e+00
1.818181818181818121e+00
1.636363636363636465e+00
1.727272727272727293e+00
1.575757575757575690e+00
1.818181818181818121e+00
1.666666666666666741e+00
1.636363636363636465e+00
1.696969696969697017e+00
1.515151515151515138e+00
1.909090909090909172e+00
1.757575757575757569e+00
1.818181818181818121e+00
1.909090909090909172e+00
1.666666666666666741e+00
1.606060606060605966e+00
1.818181818181818121e+00
1.696969696969697017e+00
1.757575757575757569e+00
1.696969696969697017e+00
1.848484848484848397e+00
1.878787878787878896e+00
1.787878787878787845e+00
1.848484848484848397e+00
1.818181818181818121e+00
1.696969696969697017e+00
1.636363636363636465e+00
1.636363636363636465e+00
1.242424242424242431e+00
1.484848484848484862e+00
1.787878787878787845e+00
1.787878787878787845e+00
1.757575757575757569e+00
1.818181818181818121e+00
1.575757575757575690e+00
1.727272727272727293e+00
1.363636363636363535e+00
1.757575757575757569e+00
1.606060606060605966e+00
1.909090909090909172e+00
1.787878787878787845e+00
1.878787878787878896e+00
1.757575757575757569e+00
1.818181818181818121e+00
1.848484848484848397e+00
1.696969696969697017e+00
1.666666666666666741e+00
1.727272727272727293e+00
1.727272727272727293e+00
1.727272727272727293e+00
1.636363636363636465e+00
1.727272727272727293e+00
1.848484848484848397e+00
1.606060606060605966e+00
1.909090909090909172e+00
1.878787878787878896e+00
1.696969696969697017e+00
1.636363636363636465e+00
1.848484848484848397e+00
1.909090909090909172e+00
1.909090909090909172e+00
1.909090909090909172e+00
2.000000000000000000e+00
1.818181818181818121e+00
1.575757575757575690e+00
1.848484848484848397e+00
1.727272727272727293e+00
1.878787878787878896e+00
1.878787878787878896e+00
1.545454545454545414e+00
1.484848484848484862e+00
1.666666666666666741e+00
1.363636363636363535e+00
1.424242424242424310e+00
1.666666666666666741e+00
1.545454545454545414e+00
1.696969696969697017e+00
1.636363636363636465e+00
1.696969696969697017e+00
1.727272727272727293e+00
1.787878787878787845e+00
1.484848484848484862e+00
1.454545454545454586e+00
1.606060606060605966e+00
1.454545454545454586e+00
1.787878787878787845e+00
1.818181818181818121e+00
1.848484848484848397e+00
1.727272727272727293e+00
1.696969696969697017e+00
1.575757575757575690e+00
1.696969696969697017e+00
1.454545454545454586e+00
1.545454545454545414e+00
1.454545454545454586e+00
1.484848484848484862e+00
1.484848484848484862e+00
1.636363636363636465e+00
1.696969696969697017e+00
1.484848484848484862e+00
1.363636363636363535e+00
1.696969696969697017e+00
1.757575757575757569e+00
1.333333333333333259e+00
1.696969696969697017e+00
1.666666666666666741e+00
1.727272727272727293e+00
1.878787878787878896e+00
1.606060606060605966e+00
1.787878787878787845e+00
1.818181818181818121e+00
1.969696969696969724e+00
1.757575757575757569e+00
1.757575757575757569e+00
1.393939393939394034e+00
1.545454545454545414e+00
2.000000000000000000e+00
1.969696969696969724e+00
1.909090909090909172e+00
1.878787878787878896e+00
1.696969696969697017e+00
1.848484848484848397e+00
1.636363636363636465e+00
1.818181818181818121e+00
1.787878787878787845e+00
1.757575757575757569e+00
1.696969696969697017e+00
1.818181818181818121e+00
1.454545454545454586e+00
1.363636363636363535e+00
1.606060606060605966e+00
1.666666666666666741e+00
1.848484848484848397e+00
1.848484848484848397e+00
1.878787878787878896e+00
1.909090909090909172e+00
1.757575757575757569e+00
1.757575757575757569e+00
1.696969696969697017e+00
1.757575757575757569e+00
1.848484848484848397e+00
1.969696969696969724e+00
1.878787878787878896e+00
1.787878787878787845e+00
1.939393939393939448e+00
1.939393939393939448e+00
2.030303030303030276e+00
1.969696969696969724e+00
2.121212121212121104e+00
1.969696969696969724e+00
1.909090909090909172e+00
1.818181818181818121e+00
1.848484848484848397e+00
1.969696969696969724e+00
1.848484848484848397e+00
1.787878787878787845e+00
1.818181818181818121e+00
1.878787878787878896e+00
2.000000000000000000e+00
1.727272727272727293e+00
1.939393939393939448e+00
1.787878787878787845e+00
1.818181818181818121e+00
1.848484848484848397e+00
1.878787878787878896e+00
1.666666666666666741e+00
1.939393939393939448e+00
1.818181818181818121e+00
1.787878787878787845e+00
1.969696969696969724e+00
2.000000000000000000e+00
1.939393939393939448e+00
1.969696969696969724e+00
1.969696969696969724e+00
1.939393939393939448e+00
1.909090909090909172e+00
1.818181818181818121e+00
1.727272727272727293e+00
1.818181818181818121e+00
1.848484848484848397e+00
2.030303030303030276e+00
1.878787878787878896e+00
1.939393939393939448e+00
1.818181818181818121e+00
1.757575757575757569e+00
1.484848484848484862e+00
1.696969696969697017e+00
1.818181818181818121e+00
1.666666666666666741e+00
1.939393939393939448e+00
1.939393939393939448e+00
1.939393939393939448e+00
2.000000000000000000e+00
1.818181818181818121e+00
1.969696969696969724e+00
1.909090909090909172e+00
1.696969696969697017e+00
1.848484848484848397e+00
1.878787878787878896e+00
1.969696969696969724e+00
1.848484848484848397e+00
1.939393939393939448e+00
1.818181818181818121e+00
1.848484848484848397e+00
1.969696969696969724e+00
1.787878787878787845e+00
1.909090909090909172e+00
1.969696969696969724e+00
2.090909090909090828e+00
2.151515151515151381e+00
1.969696969696969724e+00
1.787878787878787845e+00
1.878787878787878896e+00
1.818181818181818121e+00
1.878787878787878896e+00
1.818181818181818121e+00
1.939393939393939448e+00
1.636363636363636465e+00
1.818181818181818121e+00
1.878787878787878896e+00
1.969696969696969724e+00
2.000000000000000000e+00
2.090909090909090828e+00
2.151515151515151381e+00
1.909090909090909172e+00
2.030303030303030276e+00
1.818181818181818121e+00
1.696969696969697017e+00
1.757575757575757569e+00
1.878787878787878896e+00
1.878787878787878896e+00
1.909090909090909172e+00
1.878787878787878896e+00
1.848484848484848397e+00
1.848484848484848397e+00
1.939393939393939448e+00
1.909090909090909172e+00
1.878787878787878896e+00
1.909090909090909172e+00
1.787878787878787845e+00
2.000000000000000000e+00
1.909090909090909172e+00
1.969696969696969724e+00
1.969696969696969724e+00
2.121212121212121104e+00
2.181818181818181657e+00
1.969696969696969724e+00
2.000000000000000000e+00
1.939393939393939448e+00
2.030303030303030276e+00
2.060606060606060552e+00
2.181818181818181657e+00
2.121212121212121104e+00
2.181818181818181657e+00
2.212121212121211933e+00
2.181818181818181657e+00
2.090909090909090828e+00
2.272727272727272929e+00
2.121212121212121104e+00
2.090909090909090828e+00
1.909090909090909172e+00
2.090909090909090828e+00
1.969696969696969724e+00
2.060606060606060552e+00
2.242424242424242209e+00
2.151515151515151381e+00
2.393939393939394034e+00
2.606060606060605966e+00
2.212121212121211933e+00
2.151515151515151381e+00
2.030303030303030276e+00
2.000000000000000000e+00
1.939393939393939448e+00
2.060606060606060552e+00
2.030303030303030276e+00
2.151515151515151381e+00
2.090909090909090828e+00
2.181818181818181657e+00
2.030303030303030276e+00
2.090909090909090828e+00
1.909090909090909172e+00
2.060606060606060552e+00
2.212121212121211933e+00
2.030303030303030276e+00
1.969696969696969724e+00
2.000000000000000000e+00
2.212121212121211933e+00
2.000000000000000000e+00
2.242424242424242209e+00
2.272727272727272929e+00
2.212121212121211933e+00
2.272727272727272929e+00
2.242424242424242209e+00
2.606060606060605966e+00
2.454545454545454586e+00
2.606060606060605966e+00
2.454545454545454586e+00
2.363636363636363757e+00
2.272727272727272929e+00
2.272727272727272929e+00
2.181818181818181657e+00
2.151515151515151381e+00
2.212121212121211933e+00
2.515151515151515138e+00
2.545454545454545414e+00
2.272727272727272929e+00
2.454545454545454586e+00
2.636363636363636243e+00
2.181818181818181657e+00
2.151515151515151381e+00
2.212121212121211933e+00
1.969696969696969724e+00
2.060606060606060552e+00
2.303030303030303205e+00
2.090909090909090828e+00
2.181818181818181657e+00
2.090909090909090828e+00
2.212121212121211933e+00
2.151515151515151381e+00
2.151515151515151381e+00
2.090909090909090828e+00
2.272727272727272929e+00
2.030303030303030276e+00
2.272727272727272929e+00
2.060606060606060552e+00
2.515151515151515138e+00
2.636363636363636243e+00
2.484848484848484862e+00
2.363636363636363757e+00
2.393939393939394034e+00
2.363636363636363757e+00
2.606060606060605966e+00
2.666666666666666519e+00
2.515151515151515138e+00
2.575757575757575690e+00
2.878787878787878896e+00
2.848484848484848619e+00
2.636363636363636243e+00
2.545454545454545414e+00
2.696969696969696795e+00
3.242424242424242209e+00
3.545454545454545414e+00
3.181818181818181657e+00
3.242424242424242209e+00
3.090909090909090828e+00
2.969696969696969724e+00
2.757575757575757791e+00
2.575757575757575690e+00
2.363636363636363757e+00
2.515151515151515138e+00
2.424242424242424310e+00
2.515151515151515138e+00
2.515151515151515138e+00
2.636363636363636243e+00
2.666666666666666519e+00
2.606060606060605966e+00
2.727272727272727071e+00
2.454545454545454586e+00
2.878787878787878896e+00
3.303030303030303205e+00
2.909090909090909172e+00
3.121212121212121104e+00
3.484848484848484862e+00
3.636363636363636243e+00
3.242424242424242209e+00
3.090909090909090828e+00
3.090909090909090828e+00
3.212121212121211933e+00
3.121212121212121104e+00
2.878787878787878896e+00
2.666666666666666519e+00
3.060606060606060552e+00
3.848484848484848619e+00
4.242424242424242209e+00
3.545454545454545414e+00
3.363636363636363757e+00
3.090909090909090828e+00
2.878787878787878896e+00
2.818181818181818343e+00
3.393939393939394034e+00
3.636363636363636243e+00
3.909090909090909172e+00
4.303030303030302761e+00
5.363636363636363313e+00
6.212121212121211933e+00
6.000000000000000000e+00
5.333333333333333037e+00
4.424242424242423866e+00
3.727272727272727071e+00
3.575757575757575690e+00
3.393939393939394034e+00
3.787878787878788067e+00
4.575757575757576134e+00
4.363636363636363313e+00
4.393939393939393590e+00
4.363636363636363313e+00
4.515151515151515582e+00
4.303030303030302761e+00
3.575757575757575690e+00
3.060606060606060552e+00
3.090909090909090828e+00
3.151515151515151381e+00
3.515151515151515138e+00
3.969696969696969724e+00
4.484848484848484418e+00
5.212121212121211933e+00
5.212121212121211933e+00
4.484848484848484418e+00
3.606060606060605966e+00
3.181818181818181657e+00
2.818181818181818343e+00
3.181818181818181657e+00
3.636363636363636243e+00
4.060606060606060552e+00
4.878787878787878896e+00
5.545454545454545858e+00
5.636363636363636687e+00
5.484848484848484418e+00
5.272727272727272485e+00
5.363636363636363313e+00
5.484848484848484418e+00
6.030303030303030276e+00
7.030303030303030276e+00
8.000000000000000000e+00
8.787878787878787179e+00
8.848484848484847731e+00
8.636363636363636687e+00
7.909090909090909172e+00
6.303030303030302761e+00
4.818181818181818343e+00
3.909090909090909172e+00
3.757575757575757791e+00
4.090909090909090828e+00
4.969696969696969724e+00
5.969696969696969724e+00
6.303030303030302761e+00
6.242424242424242209e+00
6.060606060606060552e+00
6.181818181818181657e+00
6.393939393939393590e+00
7.090909090909090828e+00
7.606060606060606410e+00
8.272727272727273373e+00
8.393939393939394478e+00
8.181818181818181657e+00
7.606060606060606410e+00
7.606060606060606410e+00
9.000000000000000000e+00
1.124242424242424221e+01
1.487878787878787890e+01
2.021212121212121104e+01
2.933333333333333215e+01
4.578787878787878896e+01
7.230303030303029743e+01
1.124242424242424221e+02
1.557878787878787818e+02
1.962424242424242493e+02
2.158181818181818130e+02
2.336969696969696884e+02
2.470606060606060623e+02
2.541818181818181870e+02
2.549999999999999432e+02
2.548484848484848442e+02
2.525454545454545041e+02
2.447272727272727195e+02
2.317878787878787818e+02
1.566969696969696884e+02
8.724242424242424931e+01
1.821212121212121247e+02
2.106969696969696884e+02
2.083333333333333428e+02
1.641212121212121247e+02
6.357575757575757791e+01
6.051515151515151558e+01
9.878787878787878185e+01
9.618181818181818699e+01
5.239393939393939092e+01
3.033333333333333215e+01
4.742424242424242209e+01
6.130303030303030454e+01
4.524242424242424221e+01
2.387878787878787890e+01
2.830303030303030454e+01
4.018181818181817988e+01
2.945454545454545325e+01
1.790909090909091006e+01
2.200000000000000000e+01
2.157575757575757436e+01
1.796969696969696884e+01
2.018181818181818343e+01
1.618181818181818343e+01
1.033333333333333393e+01
1.124242424242424221e+01
9.818181818181818343e+00
6.787878787878788067e+00
7.545454545454545858e+00
9.727272727272726627e+00
1.278787878787878718e+01
1.351515151515151558e+01
1.036363636363636331e+01
7.909090909090909172e+00
7.151515151515151381e+00
7.393939393939393590e+00
8.303030303030302761e+00
9.151515151515152269e+00
1.072727272727272663e+01
1.072727272727272663e+01
9.787878787878787179e+00
8.181818181818181657e+00
7.090909090909090828e+00
5.696969696969697239e+00
4.878787878787878896e+00
4.757575757575757791e+00
4.909090909090909172e+00
5.121212121212121104e+00
5.636363636363636687e+00
5.757575757575757791e+00
5.181818181818181657e+00
4.000000000000000000e+00
3.424242424242424310e+00
3.181818181818181657e+00
3.090909090909090828e+00
3.818181818181818343e+00
4.212121212121211933e+00
4.121212121212121104e+00
3.696969696969696795e+00
3.969696969696969724e+00
3.666666666666666519e+00
3.000000000000000000e+00
2.848484848484848619e+00
2.969696969696969724e+00
3.393939393939394034e+00
3.696969696969696795e+00
3.666666666666666519e+00
3.393939393939394034e+00
2.939393939393939448e+00
2.878787878787878896e+00
2.878787878787878896e+00
2.969696969696969724e+00
2.848484848484848619e+00
2.939393939393939448e+00
3.363636363636363757e+00
3.545454545454545414e+00
3.636363636363636243e+00
3.636363636363636243e+00
3.606060606060605966e+00
3.727272727272727071e+00
3.515151515151515138e+00
3.454545454545454586e+00
3.696969696969696795e+00
3.272727272727272929e+00
2.909090909090909172e+00
3.000000000000000000e+00
3.181818181818181657e+00
2.909090909090909172e+00
2.939393939393939448e+00
3.090909090909090828e+00
3.696969696969696795e+00
3.969696969696969724e+00
3.575757575757575690e+00
3.363636363636363757e+00
3.545454545454545414e+00
3.363636363636363757e+00
3.121212121212121104e+00
3.000000000000000000e+00
3.030303030303030276e+00
3.121212121212121104e+00
3.303030303030303205e+00
3.000000000000000000e+00
2.484848484848484862e+00
2.303030303030303205e+00
2.393939393939394034e+00
2.151515151515151381e+00
2.272727272727272929e+00
2.454545454545454586e+00
2.454545454545454586e+00
2.242424242424242209e+00
2.363636363636363757e+00
2.545454545454545414e+00
2.515151515151515138e+00
2.515151515151515138e+00
2.848484848484848619e+00
2.606060606060605966e+00
2.666666666666666519e+00
2.606060606060605966e+00
2.484848484848484862e+00
2.606060606060605966e+00
2.757575757575757791e+00
2.848484848484848619e+00
2.757575757575757791e+00
2.727272727272727071e+00
2.454545454545454586e+00
2.393939393939394034e+00
2.333333333333333481e+00
2.575757575757575690e+00
2.333333333333333481e+00
2.575757575757575690e+00
2.848484848484848619e+00
2.818181818181818343e+00
2.636363636363636243e+00
2.848484848484848619e+00
2.727272727272727071e+00
2.454545454545454586e+00
2.636363636363636243e+00
2.666666666666666519e+00
2.666666666666666519e+00
2.515151515151515138e+00
2.515151515151515138e+00
2.151515151515151381e+00
2.151515151515151381e+00
2.121212121212121104e+00
2.333333333333333481e+00
1.939393939393939448e+00
2.303030303030303205e+00
2.363636363636363757e+00
2.212121212121211933e+00
2.151515151515151381e+00
1.939393939393939448e+00
1.909090909090909172e+00
1.909090909090909172e+00
2.060606060606060552e+00
1.969696969696969724e+00
1.909090909090909172e+00
2.242424242424242209e+00
2.181818181818181657e+00
2.090909090909090828e+00
2.121212121212121104e+00
1.909090909090909172e+00
1.878787878787878896e+00
2.181818181818181657e+00
2.000000000000000000e+00
2.060606060606060552e+00
1.969696969696969724e+00
1.939393939393939448e+00
2.212121212121211933e+00
2.424242424242424310e+00
2.393939393939394034e+00
2.787878787878788067e+00
2.818181818181818343e+00
2.484848484848484862e+00
2.666666666666666519e+00
2.272727272727272929e+00
2.121212121212121104e+00
2.121212121212121104e+00
2.090909090909090828e+00
2.303030303030303205e+00
2.121212121212121104e+00
2.030303030303030276e+00
2.151515151515151381e+00
1.909090909090909172e+00
1.878787878787878896e+00
1.878787878787878896e+00
2.030303030303030276e+00
2.212121212121211933e+00
2.060606060606060552e+00
1.969696969696969724e+00
2.090909090909090828e+00
2.181818181818181657e+00
2.030303030303030276e+00
2.030303030303030276e+00
2.242424242424242209e+00
2.090909090909090828e+00
1.909090909090909172e+00
1.818181818181818121e+00
2.090909090909090828e+00
2.090909090909090828e+00
1.818181818181818121e+00
2.121212121212121104e+00
1.939393939393939448e+00
2.090909090909090828e+00
2.151515151515151381e+00
2.242424242424242209e+00
2.242424242424242209e+00
1.939393939393939448e+00
2.151515151515151381e+00
2.000000000000000000e+00
2.030303030303030276e+00
2.000000000000000000e+00
1.848484848484848397e+00
2.000000000000000000e+00
1.848484848484848397e+00
1.939393939393939448e+00
1.939393939393939448e+00
1.878787878787878896e+00
1.909090909090909172e+00
1.757575757575757569e+00
1.696969696969697017e+00
1.848484848484848397e+00
1.696969696969697017e+00
1.848484848484848397e+00
1.727272727272727293e+00
1.757575757575757569e+00
1.878787878787878896e+00
1.848484848484848397e+00
1.666666666666666741e+00
1.848484848484848397e+00
1.727272727272727293e+00
2.000000000000000000e+00
1.727272727272727293e+00
1.878787878787878896e+00
1.939393939393939448e+00
1.939393939393939448e+00
2.000000000000000000e+00
1.969696969696969724e+00
1.878787878787878896e+00
1.939393939393939448e+00
1.969696969696969724e+00
1.848484848484848397e+00
1.848484848484848397e+00
1.818181818181818121e+00
1.878787878787878896e+00
1.696969696969697017e+00
1.787878787878787845e+00
1.848484848484848397e+00
1.757575757575757569e+00
1.818181818181818121e+00
1.666666666666666741e+00
1.939393939393939448e+00
1.909090909090909172e+00
1.939393939393939448e+00
1.757575757575757569e+00
1.787878787878787845e+00
2.000000000000000000e+00
1.848484848484848397e+00
1.666666666666666741e+00
1.878787878787878896e+00
1.939393939393939448e+00
1.969696969696969724e+00
1.969696969696969724e+00
1.727272727272727293e+00
1.878787878787878896e+00
1.939393939393939448e+00
1.848484848484848397e+00
1.909090909090909172e+00
1.696969696969697017e+00
1.666666666666666741e+00
1.969696969696969724e+00
1.939393939393939448e+00
1.939393939393939448e+00
1.848484848484848397e+00
2.000000000000000000e+00
1.727272727272727293e+00
1.848484848484848397e+00
1.818181818181818121e+00
1.939393939393939448e+00
1.878787878787878896e+00
1.787878787878787845e+00
1.787878787878787845e+00
1.636363636363636465e+00
1.696969696969697017e+00
1.939393939393939448e+00
1.818181818181818121e+00
1.787878787878787845e+00
1.848484848484848397e+00
1.757575757575757569e+00
1.787878787878787845e+00
1.666666666666666741e+00
1.969696969696969724e+00
1.909090909090909172e+00
1.606060606060605966e+00
1.878787878787878896e+00
1.818181818181818121e+00
1.818181818181818121e+00
2.000000000000000000e+00
1.909090909090909172e+00
1.878787878787878896e+00
1.848484848484848397e+00
1.909090909090909172e+00
1.848484848484848397e+00
1.757575757575757569e+00
1.939393939393939448e+00
1.969696969696969724e+00
1.909090909090909172e+00
2.030303030303030276e+00
1.969696969696969724e+00
1.878787878787878896e+00
1.939393939393939448e+00
1.787878787878787845e+00
1.969696969696969724e+00
2.000000000000000000e+00
2.090909090909090828e+00
1.939393939393939448e+00
1.787878787878787845e+00
1.909090909090909172e+00
1.757575757575757569e+00
1.787878787878787845e+00
1.878787878787878896e+00
1.909090909090909172e+00
1.909090909090909172e+00
1.969696969696969724e+00
1.787878787878787845e+00
1.878787878787878896e+00
1.878787878787878896e+00
1.878787878787878896e+00
1.909090909090909172e+00
1.969696969696969724e+00
1.606060606060605966e+00
1.848484848484848397e+00
1.757575757575757569e+00
1.696969696969697017e+00
1.939393939393939448e+00
1.969696969696969724e+00
1.818181818181818121e+00
1.848484848484848397e+00
1.818181818181818121e+00
1.909090909090909172e+00
1.515151515151515138e+00
1.878787878787878896e+00
1.787878787878787845e+00
1.848484848484848397e+00
1.636363636363636465e+00
1.424242424242424310e+00
1.636363636363636465e+00
1.727272727272727293e+00
1.848484848484848397e+00
1.787878787878787845e+00
1.757575757575757569e+00
1.787878787878787845e+00
1.666666666666666741e+00
1.848484848484848397e+00
1.575757575757575690e+00
1.757575757575757569e+00
1.818181818181818121e+00
1.666666666666666741e+00
1.484848484848484862e+00
1.848484848484848397e+00
1.757575757575757569e+00
1.727272727272727293e+00
1.818181818181818121e+00
1.848484848484848397e+00
1.818181818181818121e+00
1.666666666666666741e+00
1.696969696969697017e+00
1.848484848484848397e+00
1.727272727272727293e+00
2.000000000000000000e+00
1.787878787878787845e+00
1.878787878787878896e+00
1.606060606060605966e+00
1.484848484848484862e+00
1.666666666666666741e+00
1.818181818181818121e+00
1.696969696969697017e+00
1.818181818181818121e+00
1.636363636363636465e+00
1.818181818181818121e+00
1.666666666666666741e+00
1.848484848484848397e+00
1.696969696969697017e+00
1.666666666666666741e+00
1.696969696969697017e+00
1.848484848484848397e+00
1.575757575757575690e+00
1.696969696969697017e+00
1.636363636363636465e+00
1.909090909090909172e+00
1.727272727272727293e+00
1.757575757575757569e+00
1.848484848484848397e+00
1.424242424242424310e+00
1.393939393939394034e+00
1.666666666666666741e+00
1.787878787878787845e+00
1.727272727272727293e+00
1.848484848484848397e+00
1.666666666666666741e+00
1.909090909090909172e+00
1.696969696969697017e+00
1.545454545454545414e+00
1.696969696969697017e+00
1.515151515151515138e+00
1.636363636363636465e+00
1.757575757575757569e+00
1.818181818181818121e+00
1.727272727272727293e+00
1.696969696969697017e+00
1.757575757575757569e+00
1.818181818181818121e+00
1.666666666666666741e+00
1.666666666666666741e+00
1.757575757575757569e+00
1.696969696969697017e+00
1.727272727272727293e+00
