0.000000000000000000e+00
6.000000000000000000e+00
1.300000000000000000e+01
1.900000000000000000e+01
2.600000000000000000e+01
3.200000000000000000e+01
3.900000000000000000e+01
4.500000000000000000e+01
5.100000000000000000e+01
5.800000000000000000e+01
6.400000000000000000e+01
7.100000000000000000e+01
7.700000000000000000e+01
8.400000000000000000e+01
9.000000000000000000e+01
9.600000000000000000e+01
1.030000000000000000e+02
1.090000000000000000e+02
1.160000000000000000e+02
1.220000000000000000e+02
1.290000000000000000e+02
1.350000000000000000e+02
1.420000000000000000e+02
1.480000000000000000e+02
1.540000000000000000e+02
1.610000000000000000e+02
1.670000000000000000e+02
1.740000000000000000e+02
1.800000000000000000e+02
1.870000000000000000e+02
1.930000000000000000e+02
1.990000000000000000e+02
2.060000000000000000e+02
2.120000000000000000e+02
2.190000000000000000e+02
2.250000000000000000e+02
2.320000000000000000e+02
2.380000000000000000e+02
2.440000000000000000e+02
2.510000000000000000e+02
2.570000000000000000e+02
2.640000000000000000e+02
2.700000000000000000e+02
2.770000000000000000e+02
2.830000000000000000e+02
2.890000000000000000e+02
2.960000000000000000e+02
3.020000000000000000e+02
3.090000000000000000e+02
3.150000000000000000e+02
3.220000000000000000e+02
3.280000000000000000e+02
3.340000000000000000e+02
3.410000000000000000e+02
3.470000000000000000e+02
3.540000000000000000e+02
3.600000000000000000e+02
3.670000000000000000e+02
3.730000000000000000e+02
3.790000000000000000e+02
3.860000000000000000e+02
3.920000000000000000e+02
3.990000000000000000e+02
4.050000000000000000e+02
4.120000000000000000e+02
4.180000000000000000e+02
4.250000000000000000e+02
4.310000000000000000e+02
4.370000000000000000e+02
4.440000000000000000e+02
4.500000000000000000e+02
4.570000000000000000e+02
4.630000000000000000e+02
4.700000000000000000e+02
4.760000000000000000e+02
4.820000000000000000e+02
4.890000000000000000e+02
4.950000000000000000e+02
5.020000000000000000e+02
5.080000000000000000e+02
5.150000000000000000e+02
5.210000000000000000e+02
5.270000000000000000e+02
5.340000000000000000e+02
5.400000000000000000e+02
5.470000000000000000e+02
5.530000000000000000e+02
5.600000000000000000e+02
5.660000000000000000e+02
5.720000000000000000e+02
5.790000000000000000e+02
5.850000000000000000e+02
5.920000000000000000e+02
5.980000000000000000e+02
6.050000000000000000e+02
6.110000000000000000e+02
6.170000000000000000e+02
6.240000000000000000e+02
6.300000000000000000e+02
6.370000000000000000e+02
6.430000000000000000e+02
6.500000000000000000e+02
6.560000000000000000e+02
6.630000000000000000e+02
6.690000000000000000e+02
6.750000000000000000e+02
6.820000000000000000e+02
6.880000000000000000e+02
6.950000000000000000e+02
7.010000000000000000e+02
7.080000000000000000e+02
7.140000000000000000e+02
7.200000000000000000e+02
7.270000000000000000e+02
7.330000000000000000e+02
7.400000000000000000e+02
7.460000000000000000e+02
7.530000000000000000e+02
7.590000000000000000e+02
7.650000000000000000e+02
7.720000000000000000e+02
7.780000000000000000e+02
7.850000000000000000e+02
7.910000000000000000e+02
7.980000000000000000e+02
8.040000000000000000e+02
8.100000000000000000e+02
8.170000000000000000e+02
8.230000000000000000e+02
8.300000000000000000e+02
8.360000000000000000e+02
8.430000000000000000e+02
8.490000000000000000e+02
8.550000000000000000e+02
8.620000000000000000e+02
8.680000000000000000e+02
8.750000000000000000e+02
8.810000000000000000e+02
8.880000000000000000e+02
8.940000000000000000e+02
9.010000000000000000e+02
9.070000000000000000e+02
9.130000000000000000e+02
9.200000000000000000e+02
9.260000000000000000e+02
9.330000000000000000e+02
9.390000000000000000e+02
9.460000000000000000e+02
9.520000000000000000e+02
9.580000000000000000e+02
9.650000000000000000e+02
9.710000000000000000e+02
9.780000000000000000e+02
9.840000000000000000e+02
9.910000000000000000e+02
9.970000000000000000e+02
1.003000000000000000e+03
1.010000000000000000e+03
1.016000000000000000e+03
1.023000000000000000e+03
1.029000000000000000e+03
1.036000000000000000e+03
1.042000000000000000e+03
1.048000000000000000e+03
1.055000000000000000e+03
1.061000000000000000e+03
1.068000000000000000e+03
1.074000000000000000e+03
1.081000000000000000e+03
1.087000000000000000e+03
1.093000000000000000e+03
1.100000000000000000e+03
1.106000000000000000e+03
1.113000000000000000e+03
1.119000000000000000e+03
1.126000000000000000e+03
1.132000000000000000e+03
1.138000000000000000e+03
1.145000000000000000e+03
1.151000000000000000e+03
1.158000000000000000e+03
1.164000000000000000e+03
1.171000000000000000e+03
1.177000000000000000e+03
1.184000000000000000e+03
1.190000000000000000e+03
1.196000000000000000e+03
1.203000000000000000e+03
1.209000000000000000e+03
1.216000000000000000e+03
1.222000000000000000e+03
1.229000000000000000e+03
1.235000000000000000e+03
1.241000000000000000e+03
1.248000000000000000e+03
1.254000000000000000e+03
1.261000000000000000e+03
1.267000000000000000e+03
1.274000000000000000e+03
1.279000000000000000e+03
